0.0500	8.5541e-02	9.2614e-02	9.3533e-02	9.2614e-02
0.0594	9.6734e-02	1.0091e-01	1.0157e-01	1.0091e-01
0.0688	1.0841e-01	1.0992e-01	1.1058e-01	1.0992e-01
0.0782	1.1836e-01	1.2000e-01	1.1925e-01	1.2000e-01
0.0876	1.2474e-01	1.2847e-01	1.2444e-01	1.2847e-01
0.0970	1.2588e-01	1.3313e-01	1.2599e-01	1.3313e-01
0.1064	1.2333e-01	1.3383e-01	1.2412e-01	1.3383e-01
0.1158	1.1892e-01	1.3183e-01	1.1989e-01	1.3183e-01
0.1252	1.1370e-01	1.2801e-01	1.1474e-01	1.2801e-01
0.1346	1.0808e-01	1.2328e-01	1.0905e-01	1.2328e-01
0.1440	1.0258e-01	1.1804e-01	1.0347e-01	1.1804e-01
0.1534	9.7135e-02	1.1269e-01	9.8011e-02	1.1269e-01
0.1628	9.1834e-02	1.0731e-01	9.2671e-02	1.0731e-01
0.1722	8.6799e-02	1.0203e-01	8.7621e-02	1.0203e-01
0.1816	8.1953e-02	9.6989e-02	8.2745e-02	9.6989e-02
0.1910	7.7367e-02	9.2118e-02	7.8201e-02	9.2118e-02
0.2004	7.2982e-02	8.7424e-02	7.3777e-02	8.7424e-02
0.2098	6.8841e-02	8.2955e-02	6.9637e-02	8.2955e-02
0.2192	6.4940e-02	7.8683e-02	6.5648e-02	7.8683e-02
0.2286	6.1271e-02	7.4629e-02	6.1950e-02	7.4629e-02
0.2380	5.7831e-02	7.0812e-02	5.8490e-02	7.0812e-02
0.2474	5.4561e-02	6.7187e-02	5.5187e-02	6.7187e-02
0.2568	5.1486e-02	6.3738e-02	5.2139e-02	6.3738e-02
0.2662	4.8524e-02	6.0475e-02	4.9207e-02	6.0475e-02
0.2756	4.5716e-02	5.7372e-02	4.6390e-02	5.7372e-02
0.2850	4.3038e-02	5.4396e-02	4.3716e-02	5.4396e-02
0.2944	4.0479e-02	5.1568e-02	4.1154e-02	5.1568e-02
0.3038	3.8015e-02	4.8853e-02	3.8714e-02	4.8853e-02
0.3132	3.5742e-02	4.6251e-02	3.6424e-02	4.6251e-02
0.3226	3.3541e-02	4.3761e-02	3.4222e-02	4.3761e-02
0.3320	3.1464e-02	4.1382e-02	3.2140e-02	4.1382e-02
0.3414	2.9484e-02	3.9102e-02	3.0182e-02	3.9102e-02
0.3508	2.7666e-02	3.6926e-02	2.8321e-02	3.6926e-02
0.3602	2.5945e-02	3.4859e-02	2.6582e-02	3.4859e-02
0.3696	2.4328e-02	3.2895e-02	2.4937e-02	3.2895e-02
0.3790	2.2811e-02	3.1035e-02	2.3401e-02	3.1035e-02
0.3884	2.1306e-02	2.9277e-02	2.1959e-02	2.9277e-02
0.3978	2.0037e-02	2.7618e-02	2.0601e-02	2.7618e-02
0.4072	1.8775e-02	2.6052e-02	1.9342e-02	2.6052e-02
0.4166	1.7585e-02	2.4572e-02	1.8116e-02	2.4572e-02
0.4260	1.6460e-02	2.3175e-02	1.6980e-02	2.3175e-02
0.4354	1.5414e-02	2.1851e-02	1.5918e-02	2.1851e-02
0.4448	1.4428e-02	2.0597e-02	1.4916e-02	2.0597e-02
0.4542	1.3505e-02	1.9390e-02	1.3980e-02	1.9390e-02
0.4636	1.2641e-02	1.8287e-02	1.3085e-02	1.8287e-02
0.4730	1.1833e-02	1.7226e-02	1.2267e-02	1.7226e-02
0.4824	1.1074e-02	1.6224e-02	1.1493e-02	1.6224e-02
0.4918	1.0363e-02	1.5279e-02	1.0765e-02	1.5279e-02
0.5012	9.6953e-03	1.4389e-02	1.0081e-02	1.4389e-02
0.5106	9.0641e-03	1.3552e-02	9.4366e-03	1.3552e-02
0.5200	8.4783e-03	1.2763e-02	8.8337e-03	1.2763e-02
0.5294	7.9279e-03	1.2015e-02	8.2674e-03	1.2015e-02
0.5388	7.4138e-03	1.1314e-02	7.7372e-03	1.1314e-02
0.5482	6.9320e-03	1.0649e-02	7.2403e-03	1.0649e-02
0.5576	6.4820e-03	1.0021e-02	6.7738e-03	1.0021e-02
0.5670	6.0573e-03	9.4285e-03	6.2947e-03	9.4285e-03
0.5764	5.6604e-03	8.8711e-03	5.9264e-03	8.8711e-03
0.5858	5.2649e-03	8.3459e-03	5.5422e-03	8.3459e-03
0.5952	4.9363e-03	7.8533e-03	5.1788e-03	7.8533e-03
0.6046	4.6039e-03	7.3886e-03	4.8374e-03	7.3886e-03
0.6140	4.2893e-03	6.9502e-03	4.5154e-03	6.9502e-03
0.6234	3.9764e-03	6.5366e-03	4.2099e-03	6.5366e-03
0.6328	3.7126e-03	6.1463e-03	3.9126e-03	6.1463e-03
0.6422	3.4449e-03	5.7776e-03	3.6478e-03	5.7776e-03
0.6516	3.1887e-03	5.4286e-03	3.3879e-03	5.4286e-03
0.6610	2.9447e-03	5.0976e-03	3.1420e-03	5.0976e-03
0.6704	2.7116e-03	4.7834e-03	2.9043e-03	4.7834e-03
0.6798	2.4850e-03	4.4846e-03	2.6771e-03	4.4846e-03
0.6892	2.2713e-03	4.2001e-03	2.4626e-03	4.2001e-03
0.6986	2.0628e-03	3.9289e-03	2.2555e-03	3.9289e-03
0.7080	1.8601e-03	3.6697e-03	2.0576e-03	3.6697e-03
0.7174	1.6630e-03	3.4214e-03	1.8678e-03	3.4214e-03
0.7268	1.4707e-03	3.1820e-03	1.6850e-03	3.1820e-03
0.7362	1.2823e-03	2.9536e-03	1.5070e-03	2.9536e-03
0.7456	1.0994e-03	2.7322e-03	1.3324e-03	2.7322e-03
0.7550	9.2297e-04	2.5185e-03	1.1609e-03	2.5185e-03
0.7644	7.5532e-04	2.3116e-03	9.9253e-04	2.3116e-03
0.7738	6.0253e-04	2.1129e-03	8.2941e-04	2.1129e-03
0.7832	4.6545e-04	1.9198e-03	6.7532e-04	1.9198e-03
0.7926	3.4669e-04	1.7318e-03	5.3327e-04	1.7318e-03
0.8020	2.4862e-04	1.5472e-03	4.0677e-04	1.5472e-03
0.8114	1.7045e-04	1.3641e-03	2.9843e-04	1.3641e-03
0.8208	1.1075e-04	1.1823e-03	2.0936e-04	1.1823e-03
0.8302	6.7426e-05	1.0035e-03	1.3940e-04	1.0035e-03
0.8396	3.8045e-05	8.3145e-04	8.6962e-05	8.3145e-04
0.8490	1.9780e-05	6.7084e-04	5.0197e-05	6.7084e-04
0.8584	9.4562e-06	5.2558e-04	2.6453e-05	5.2558e-04
0.8678	4.1830e-06	3.9810e-04	1.2672e-05	3.9810e-04
0.8772	1.7218e-06	2.8945e-04	5.4861e-06	2.8945e-04
0.8866	6.6006e-07	1.9987e-04	2.1704e-06	1.9987e-04
0.8960	2.3736e-07	1.2933e-04	7.7948e-07	1.2933e-04
0.9054	7.9965e-08	7.7210e-05	2.5909e-07	7.7210e-05
0.9148	2.5088e-08	4.1905e-05	7.8495e-08	4.1905e-05
0.9242	7.4009e-09	2.0404e-05	2.2109e-08	2.0404e-05
0.9336	1.9499e-09	8.8401e-06	5.5887e-09	8.8401e-06
0.9430	4.8590e-10	3.4355e-06	1.3066e-09	3.4355e-06
0.9524	1.0651e-10	1.2489e-06	2.6671e-10	1.2489e-06
0.9618	2.1037e-11	4.7338e-07	4.7019e-11	4.7338e-07
0.9712	3.7845e-12	1.9918e-07	7.6680e-12	1.9918e-07
0.9806	4.9705e-13	7.6725e-08	7.7391e-13	7.6725e-08
0.9900	6.9476e-14	1.5670e-08	1.0822e-13	1.5670e-08
