0.0500	8.5187e-02	9.2614e-02	8.7878e-02	9.2614e-02
0.0594	9.9072e-02	1.0091e-01	9.6044e-02	1.0091e-01
0.0688	1.1051e-01	1.0992e-01	1.0685e-01	1.0992e-01
0.0782	1.1582e-01	1.2000e-01	1.1437e-01	1.2000e-01
0.0876	1.1519e-01	1.2847e-01	1.1539e-01	1.2847e-01
0.0970	1.1114e-01	1.3313e-01	1.1258e-01	1.3313e-01
0.1064	1.0561e-01	1.3383e-01	1.0749e-01	1.3383e-01
0.1158	9.9800e-02	1.3183e-01	1.0178e-01	1.3183e-01
0.1252	9.3915e-02	1.2801e-01	9.6208e-02	1.2801e-01
0.1346	8.8239e-02	1.2328e-01	9.0455e-02	1.2328e-01
0.1440	8.2717e-02	1.1804e-01	8.4994e-02	1.1804e-01
0.1534	7.7546e-02	1.1269e-01	7.9761e-02	1.1269e-01
0.1628	7.2571e-02	1.0731e-01	7.4847e-02	1.0731e-01
0.1722	6.7885e-02	1.0203e-01	7.0159e-02	1.0203e-01
0.1816	6.3460e-02	9.6989e-02	6.5751e-02	9.6989e-02
0.1910	5.9401e-02	9.2118e-02	6.1643e-02	9.2118e-02
0.2004	5.5745e-02	8.7424e-02	5.7781e-02	8.7424e-02
0.2098	5.1950e-02	8.2955e-02	5.4172e-02	8.2955e-02
0.2192	4.8582e-02	7.8683e-02	5.0789e-02	7.8683e-02
0.2286	4.5412e-02	7.4629e-02	4.7641e-02	7.4629e-02
0.2380	4.2334e-02	7.0812e-02	4.4694e-02	7.0812e-02
0.2474	3.9546e-02	6.7187e-02	4.1823e-02	6.7187e-02
0.2568	3.6866e-02	6.3738e-02	3.9398e-02	6.3738e-02
0.2662	3.4302e-02	6.0475e-02	3.6597e-02	6.0475e-02
0.2756	3.1954e-02	5.7372e-02	3.4224e-02	5.7372e-02
0.2850	2.9663e-02	5.4396e-02	3.1919e-02	5.4396e-02
0.2944	2.7559e-02	5.1568e-02	2.9773e-02	5.1568e-02
0.3038	2.5568e-02	4.8853e-02	2.7748e-02	4.8853e-02
0.3132	2.3772e-02	4.6251e-02	2.5880e-02	4.6251e-02
0.3226	2.2075e-02	4.3761e-02	2.4081e-02	4.3761e-02
0.3320	2.0523e-02	4.1382e-02	2.2356e-02	4.1382e-02
0.3414	1.9023e-02	3.9102e-02	2.0969e-02	3.9102e-02
0.3508	1.7685e-02	3.6926e-02	1.9477e-02	3.6926e-02
0.3602	1.6379e-02	3.4859e-02	1.8146e-02	3.4859e-02
0.3696	1.5186e-02	3.2895e-02	1.6900e-02	3.2895e-02
0.3790	1.4071e-02	3.1035e-02	1.5723e-02	3.1035e-02
0.3884	1.3056e-02	2.9277e-02	1.4630e-02	2.9277e-02
0.3978	1.2099e-02	2.7618e-02	1.3614e-02	2.7618e-02
0.4072	1.1218e-02	2.6052e-02	1.2652e-02	2.6052e-02
0.4166	1.0395e-02	2.4572e-02	1.1776e-02	2.4572e-02
0.4260	9.6248e-03	2.3175e-02	1.0954e-02	2.3175e-02
0.4354	8.9267e-03	2.1851e-02	1.0184e-02	2.1851e-02
0.4448	8.2410e-03	2.0597e-02	9.4682e-03	2.0597e-02
0.4542	7.6531e-03	1.9390e-02	8.7969e-03	1.9390e-02
0.4636	7.0872e-03	1.8287e-02	8.1735e-03	1.8287e-02
0.4730	6.5936e-03	1.7226e-02	7.5913e-03	1.7226e-02
0.4824	6.0743e-03	1.6224e-02	7.0502e-03	1.6224e-02
0.4918	5.6210e-03	1.5279e-02	6.5466e-03	1.5279e-02
0.5012	5.1998e-03	1.4389e-02	6.0761e-03	1.4389e-02
0.5106	4.8079e-03	1.3552e-02	5.6432e-03	1.3552e-02
0.5200	4.4410e-03	1.2763e-02	5.2371e-03	1.2763e-02
0.5294	4.0948e-03	1.2015e-02	4.8588e-03	1.2015e-02
0.5388	3.7789e-03	1.1314e-02	4.5077e-03	1.1314e-02
0.5482	3.4747e-03	1.0649e-02	4.1791e-03	1.0649e-02
0.5576	3.1932e-03	1.0021e-02	3.8724e-03	1.0021e-02
0.5670	2.9193e-03	9.4285e-03	3.5862e-03	9.4285e-03
0.5764	2.6668e-03	8.8711e-03	3.3059e-03	8.8711e-03
0.5858	2.4186e-03	8.3459e-03	3.0683e-03	8.3459e-03
0.5952	2.1847e-03	7.8533e-03	2.8350e-03	7.8533e-03
0.6046	1.9601e-03	7.3886e-03	2.6095e-03	7.3886e-03
0.6140	1.7431e-03	6.9502e-03	2.4118e-03	6.9502e-03
0.6234	1.5340e-03	6.5366e-03	2.2171e-03	6.5366e-03
0.6328	1.3324e-03	6.1463e-03	2.0272e-03	6.1463e-03
0.6422	1.1389e-03	5.7776e-03	1.8462e-03	5.7776e-03
0.6516	9.5586e-04	5.4286e-03	1.6610e-03	5.4286e-03
0.6610	7.8476e-04	5.0976e-03	1.4739e-03	5.0976e-03
0.6704	6.2783e-04	4.7834e-03	1.2841e-03	4.7834e-03
0.6798	4.8484e-04	4.4846e-03	1.0949e-03	4.4846e-03
0.6892	3.6806e-04	4.2001e-03	9.0793e-04	4.2001e-03
0.6986	2.6761e-04	3.9289e-03	7.3021e-04	3.9289e-03
0.7080	1.8721e-04	3.6697e-03	5.6696e-04	3.6697e-03
0.7174	1.2521e-04	3.4214e-03	4.2368e-04	3.4214e-03
0.7268	7.9664e-05	3.1820e-03	3.0393e-04	3.1820e-03
0.7362	4.7972e-05	2.9536e-03	2.0830e-04	2.9536e-03
0.7456	2.7263e-05	2.7322e-03	1.3540e-04	2.7322e-03
0.7550	1.4609e-05	2.5185e-03	8.2827e-05	2.5185e-03
0.7644	7.3928e-06	2.3116e-03	4.7328e-05	2.3116e-03
0.7738	3.5540e-06	2.1129e-03	2.5199e-05	2.1129e-03
0.7832	1.6180e-06	1.9198e-03	1.2468e-05	1.9198e-03
0.7926	7.0722e-07	1.7318e-03	5.7797e-06	1.7318e-03
0.8020	2.9239e-07	1.5472e-03	2.5037e-06	1.5472e-03
0.8114	1.1778e-07	1.3641e-03	1.0326e-06	1.3641e-03
0.8208	4.5584e-08	1.1823e-03	4.0469e-07	1.1823e-03
0.8302	1.6741e-08	1.0035e-03	1.4830e-07	1.0035e-03
0.8396	5.9911e-09	8.3145e-04	5.3005e-08	8.3145e-04
0.8490	2.0529e-09	6.7084e-04	1.7663e-08	6.7084e-04
0.8584	7.0317e-10	5.2558e-04	5.8989e-09	5.2558e-04
0.8678	2.1486e-10	3.9810e-04	1.7334e-09	3.9810e-04
0.8772	6.7121e-11	2.8945e-04	5.2214e-10	2.8945e-04
0.8866	1.9069e-11	1.9987e-04	1.4068e-10	1.9987e-04
0.8960	5.5140e-12	1.2933e-04	3.8975e-11	1.2933e-04
0.9054	1.4438e-12	7.7210e-05	9.6024e-12	7.7210e-05
0.9148	3.7134e-13	4.1905e-05	2.3495e-12	4.1905e-05
0.9242	8.4413e-14	2.0404e-05	4.9424e-13	2.0404e-05
0.9336	1.9116e-14	8.8401e-06	1.0523e-13	8.8401e-06
0.9430	3.9686e-15	3.4355e-06	1.9848e-14	3.4355e-06
0.9524	7.7816e-16	1.2489e-06	3.6251e-15	1.2489e-06
0.9618	1.2178e-16	4.7338e-07	4.8477e-16	4.7338e-07
0.9712	1.9897e-17	1.9918e-07	7.3746e-17	1.9918e-07
0.9806	1.8645e-18	7.6725e-08	5.0405e-18	7.6725e-08
0.9900	2.7280e-19	1.5670e-08	7.3781e-19	1.5670e-08
