0.0500	7.8773e-02	5.5088e-02	8.3147e-02	5.5088e-02
0.0594	1.0008e-01	6.6223e-02	8.9838e-02	6.6223e-02
0.0688	1.1286e-01	7.9681e-02	1.0510e-01	7.9681e-02
0.0782	1.1596e-01	9.6513e-02	1.1318e-01	9.6513e-02
0.0876	1.1331e-01	1.1325e-01	1.1379e-01	1.1325e-01
0.0970	1.0835e-01	1.2597e-01	1.1020e-01	1.2597e-01
0.1064	1.0270e-01	1.3226e-01	1.0527e-01	1.3226e-01
0.1158	9.6818e-02	1.3650e-01	9.8931e-02	1.3650e-01
0.1252	9.1151e-02	1.3624e-01	9.4446e-02	1.3624e-01
0.1346	8.5351e-02	1.3378e-01	8.9152e-02	1.3378e-01
0.1440	7.9895e-02	1.2995e-01	8.4172e-02	1.2995e-01
0.1534	7.4615e-02	1.2549e-01	7.9554e-02	1.2549e-01
0.1628	6.9658e-02	1.2065e-01	7.4723e-02	1.2065e-01
0.1722	6.5050e-02	1.1569e-01	7.3895e-02	1.1569e-01
0.1816	6.0768e-02	1.1086e-01	6.5910e-02	1.1086e-01
0.1910	5.6818e-02	1.0610e-01	6.1900e-02	1.0610e-01
0.2004	5.2987e-02	1.0138e-01	5.8268e-02	1.0138e-01
0.2098	4.9386e-02	9.6839e-02	5.4919e-02	9.6839e-02
0.2192	4.5968e-02	9.2408e-02	5.1344e-02	9.2408e-02
0.2286	4.2717e-02	8.8125e-02	4.8976e-02	8.8125e-02
0.2380	3.9636e-02	8.4091e-02	4.5794e-02	8.4091e-02
0.2474	3.6727e-02	8.0236e-02	4.3067e-02	8.0236e-02
0.2568	3.4057e-02	7.6519e-02	4.0786e-02	7.6519e-02
0.2662	3.1444e-02	7.2980e-02	3.7737e-02	7.2980e-02
0.2756	2.9079e-02	6.9617e-02	3.5275e-02	6.9617e-02
0.2850	2.6876e-02	6.6376e-02	3.2878e-02	6.6376e-02
0.2944	2.4839e-02	6.3292e-02	3.0683e-02	6.3292e-02
0.3038	2.3005e-02	6.0297e-02	2.8654e-02	6.0297e-02
0.3132	2.1197e-02	5.7405e-02	2.6746e-02	5.7405e-02
0.3226	1.9548e-02	5.4606e-02	2.4970e-02	5.4606e-02
0.3320	1.8053e-02	5.1905e-02	2.3289e-02	5.1905e-02
0.3414	1.6665e-02	4.9288e-02	2.1696e-02	4.9288e-02
0.3508	1.5364e-02	4.6751e-02	2.0217e-02	4.6751e-02
0.3602	1.4176e-02	4.4327e-02	1.8849e-02	4.4327e-02
0.3696	1.3062e-02	4.1998e-02	1.7518e-02	4.1998e-02
0.3790	1.2040e-02	3.9776e-02	1.6314e-02	3.9776e-02
0.3884	1.1081e-02	3.7664e-02	1.5186e-02	3.7664e-02
0.3978	1.0250e-02	3.5663e-02	1.4123e-02	3.5663e-02
0.4072	9.4290e-03	3.3769e-02	1.3124e-02	3.3769e-02
0.4166	8.7113e-03	3.1974e-02	1.2171e-02	3.1974e-02
0.4260	8.0096e-03	3.0273e-02	1.1285e-02	3.0273e-02
0.4354	7.3911e-03	2.8652e-02	1.0465e-02	2.8652e-02
0.4448	6.8194e-03	2.7107e-02	9.7117e-03	2.7107e-02
0.4542	6.2720e-03	2.5636e-02	9.0012e-03	2.5636e-02
0.4636	5.7962e-03	2.4239e-02	8.3569e-03	2.4239e-02
0.4730	5.3287e-03	2.2914e-02	7.7482e-03	2.2914e-02
0.4824	4.9016e-03	2.1655e-02	7.2252e-03	2.1655e-02
0.4918	4.5149e-03	2.0462e-02	6.7426e-03	2.0462e-02
0.5012	4.1232e-03	1.9335e-02	6.3054e-03	1.9335e-02
0.5106	3.7638e-03	1.8272e-02	5.9237e-03	1.8272e-02
0.5200	3.4210e-03	1.7270e-02	5.6146e-03	1.7270e-02
0.5294	3.0932e-03	1.6320e-02	5.3289e-03	1.6320e-02
0.5388	2.7673e-03	1.5417e-02	5.1045e-03	1.5417e-02
0.5482	2.4610e-03	1.4564e-02	4.9133e-03	1.4564e-02
0.5576	2.1425e-03	1.3753e-02	4.7317e-03	1.3753e-02
0.5670	1.8405e-03	1.2986e-02	4.5489e-03	1.2986e-02
0.5764	1.5522e-03	1.2262e-02	4.3307e-03	1.2262e-02
0.5858	1.2787e-03	1.1578e-02	4.0536e-03	1.1578e-02
0.5952	1.0227e-03	1.0938e-02	3.7127e-03	1.0938e-02
0.6046	7.9939e-04	1.0333e-02	3.3119e-03	1.0333e-02
0.6140	6.0587e-04	9.7625e-03	2.8493e-03	9.7625e-03
0.6234	4.3825e-04	9.2241e-03	2.3937e-03	9.2241e-03
0.6328	3.0639e-04	8.7164e-03	1.9246e-03	8.7164e-03
0.6422	2.0496e-04	8.2372e-03	1.4771e-03	8.2372e-03
0.6516	1.3064e-04	7.7836e-03	1.0974e-03	7.7836e-03
0.6610	7.9153e-05	7.3538e-03	7.7551e-04	7.3538e-03
0.6704	4.5560e-05	6.9459e-03	5.2193e-04	6.9459e-03
0.6798	2.4922e-05	6.5474e-03	3.3245e-04	6.5474e-03
0.6892	1.2995e-05	6.1891e-03	1.9937e-04	6.1891e-03
0.6986	6.4585e-06	5.8369e-03	1.1217e-04	5.8369e-03
0.7080	3.0742e-06	5.5005e-03	5.9122e-05	5.5005e-03
0.7174	1.4093e-06	5.1777e-03	2.9575e-05	5.1777e-03
0.7268	6.1780e-07	4.8668e-03	1.3916e-05	4.8668e-03
0.7362	2.6245e-07	4.5665e-03	6.2407e-06	4.5665e-03
0.7456	1.0821e-07	4.2751e-03	2.6845e-06	4.2751e-03
0.7550	4.2133e-08	3.9915e-03	1.0931e-06	3.9915e-03
0.7644	1.6485e-08	3.7153e-03	4.3371e-07	3.7153e-03
0.7738	6.1188e-09	3.4482e-03	1.6431e-07	3.4482e-03
0.7832	2.2159e-09	3.1869e-03	5.9454e-08	3.1869e-03
0.7926	8.0778e-10	2.9297e-03	2.1264e-08	2.9297e-03
0.8020	2.6200e-10	2.6720e-03	6.9438e-09	2.6720e-03
0.8114	9.1111e-11	2.4079e-03	2.3778e-09	2.4079e-03
0.8208	2.9201e-11	2.1341e-03	7.4407e-10	2.1341e-03
0.8302	9.2285e-12	1.8521e-03	2.2825e-10	1.8521e-03
0.8396	2.8493e-12	1.5685e-03	6.8125e-11	1.5685e-03
0.8490	8.3272e-13	1.2931e-03	1.9042e-11	1.2931e-03
0.8584	2.4916e-13	1.0355e-03	5.4688e-12	1.0355e-03
0.8678	6.4735e-14	8.0207e-04	1.3357e-12	8.0207e-04
0.8772	1.8498e-14	5.9662e-04	3.6523e-13	5.9662e-04
0.8866	4.4825e-15	4.2142e-04	8.2145e-14	4.2142e-04
0.8960	1.1537e-15	2.7860e-04	2.0045e-14	2.7860e-04
0.9054	2.6388e-16	1.6961e-04	4.2006e-15	1.6961e-04
0.9148	6.3655e-17	9.3612e-05	9.4742e-16	9.3612e-05
0.9242	1.3210e-17	4.6213e-05	1.6972e-16	4.6213e-05
0.9336	3.1670e-18	2.0238e-05	3.3634e-17	2.0238e-05
0.9430	8.2526e-19	7.9268e-06	5.5777e-18	7.9268e-06
0.9524	2.8137e-19	2.8937e-06	1.0749e-18	2.8937e-06
0.9618	1.0136e-19	1.0976e-06	1.9135e-19	1.0976e-06
0.9712	3.5179e-20	4.6131e-07	5.4189e-20	4.6131e-07
0.9806	9.4461e-21	1.7742e-07	1.2346e-20	1.7742e-07
0.9900	1.2876e-21	3.6195e-08	1.6735e-21	3.6195e-08
