0.0500	8.6092e-02	9.6547e-02	9.1269e-02	9.6547e-02
0.0594	9.7855e-02	1.0415e-01	1.0038e-01	1.0415e-01
0.0688	1.0976e-01	1.1233e-01	1.1000e-01	1.1233e-01
0.0782	1.1909e-01	1.2151e-01	1.1814e-01	1.2151e-01
0.0876	1.2339e-01	1.2910e-01	1.2273e-01	1.2910e-01
0.0970	1.2274e-01	1.3307e-01	1.2284e-01	1.3307e-01
0.1064	1.1933e-01	1.3331e-01	1.1968e-01	1.3331e-01
0.1158	1.1366e-01	1.3101e-01	1.1464e-01	1.3101e-01
0.1252	1.0822e-01	1.2702e-01	1.0911e-01	1.2702e-01
0.1346	1.0254e-01	1.2218e-01	1.0336e-01	1.2218e-01
0.1440	9.6966e-02	1.1688e-01	9.7846e-02	1.1688e-01
0.1534	9.1769e-02	1.1150e-01	9.2371e-02	1.1150e-01
0.1628	8.6315e-02	1.0610e-01	8.7141e-02	1.0610e-01
0.1722	8.1336e-02	1.0082e-01	8.2168e-02	1.0082e-01
0.1816	7.6607e-02	9.5784e-02	7.7441e-02	9.5784e-02
0.1910	7.2079e-02	9.0921e-02	7.2881e-02	9.0921e-02
0.2004	6.7801e-02	8.6239e-02	6.8617e-02	8.6239e-02
0.2098	6.3805e-02	8.1781e-02	6.4628e-02	8.1781e-02
0.2192	6.0039e-02	7.7522e-02	6.0811e-02	7.7522e-02
0.2286	5.6525e-02	7.3481e-02	5.7258e-02	7.3481e-02
0.2380	5.3220e-02	6.9680e-02	5.3960e-02	6.9680e-02
0.2474	5.0076e-02	6.6073e-02	5.0806e-02	6.6073e-02
0.2568	4.7101e-02	6.2643e-02	4.7836e-02	6.2643e-02
0.2662	4.4245e-02	5.9402e-02	4.4998e-02	5.9402e-02
0.2756	4.1546e-02	5.6325e-02	4.2304e-02	5.6325e-02
0.2850	3.8721e-02	5.3377e-02	3.9739e-02	5.3377e-02
0.2944	3.6550e-02	5.0580e-02	3.7505e-02	5.0580e-02
0.3038	3.4232e-02	4.7897e-02	3.4993e-02	4.7897e-02
0.3132	3.2035e-02	4.5329e-02	3.2810e-02	4.5329e-02
0.3226	2.9974e-02	4.2874e-02	3.0728e-02	4.2874e-02
0.3320	2.8036e-02	4.0530e-02	2.8773e-02	4.0530e-02
0.3414	2.6167e-02	3.8284e-02	2.6944e-02	3.8284e-02
0.3508	2.4526e-02	3.6143e-02	2.5222e-02	3.6143e-02
0.3602	2.2935e-02	3.4110e-02	2.3614e-02	3.4110e-02
0.3696	2.1454e-02	3.2178e-02	2.2105e-02	3.2178e-02
0.3790	2.0054e-02	3.0350e-02	2.0691e-02	3.0350e-02
0.3884	1.8744e-02	2.8623e-02	1.9363e-02	2.8623e-02
0.3978	1.7514e-02	2.6994e-02	1.8116e-02	2.6994e-02
0.4072	1.6362e-02	2.5458e-02	1.6946e-02	2.5458e-02
0.4166	1.5280e-02	2.4008e-02	1.5845e-02	2.4008e-02
0.4260	1.4278e-02	2.2639e-02	1.4813e-02	2.2639e-02
0.4354	1.3325e-02	2.1342e-02	1.3849e-02	2.1342e-02
0.4448	1.2442e-02	2.0114e-02	1.2945e-02	2.0114e-02
0.4542	1.1612e-02	1.8933e-02	1.2108e-02	1.8933e-02
0.4636	1.0843e-02	1.7854e-02	1.1307e-02	1.7854e-02
0.4730	1.0122e-02	1.6817e-02	1.0573e-02	1.6817e-02
0.4824	9.4427e-03	1.5838e-02	9.8730e-03	1.5838e-02
0.4918	8.8163e-03	1.4915e-02	9.2246e-03	1.4915e-02
0.5012	8.2221e-03	1.4045e-02	8.6156e-03	1.4045e-02
0.5106	7.6700e-03	1.3226e-02	8.0440e-03	1.3226e-02
0.5200	7.1565e-03	1.2455e-02	7.5096e-03	1.2455e-02
0.5294	6.6744e-03	1.1725e-02	6.9616e-03	1.1725e-02
0.5388	6.2241e-03	1.1041e-02	6.5466e-03	1.1041e-02
0.5482	5.8034e-03	1.0392e-02	6.1099e-03	1.0392e-02
0.5576	5.4175e-03	9.7783e-03	5.7007e-03	9.7783e-03
0.5670	5.0392e-03	9.2001e-03	5.3170e-03	9.2001e-03
0.5764	4.6925e-03	8.6562e-03	4.9578e-03	8.6562e-03
0.5858	4.3592e-03	8.1436e-03	4.6196e-03	8.1436e-03
0.5952	4.0565e-03	7.6630e-03	4.3018e-03	7.6630e-03
0.6046	3.7645e-03	7.2097e-03	4.0016e-03	7.2097e-03
0.6140	3.4855e-03	6.7821e-03	3.7166e-03	6.7821e-03
0.6234	3.2246e-03	6.3788e-03	3.4476e-03	6.3788e-03
0.6328	2.9761e-03	5.9983e-03	3.1965e-03	5.9983e-03
0.6422	2.7337e-03	5.6389e-03	2.9487e-03	5.6389e-03
0.6516	2.5049e-03	5.2986e-03	2.7189e-03	5.2986e-03
0.6610	2.2861e-03	4.9761e-03	2.4952e-03	4.9761e-03
0.6704	2.0728e-03	4.6699e-03	2.2859e-03	4.6699e-03
0.6798	1.8674e-03	4.3788e-03	2.0837e-03	4.3788e-03
0.6892	1.6675e-03	4.1016e-03	1.8927e-03	4.1016e-03
0.6986	1.4724e-03	3.8374e-03	1.7071e-03	3.8374e-03
0.7080	1.2827e-03	3.5849e-03	1.5266e-03	3.5849e-03
0.7174	1.0991e-03	3.3430e-03	1.3508e-03	3.3430e-03
0.7268	9.2301e-04	3.1097e-03	1.1782e-03	3.1097e-03
0.7362	7.5683e-04	2.8871e-03	1.0098e-03	2.8871e-03
0.7456	6.0288e-04	2.6713e-03	8.4702e-04	2.6713e-03
0.7550	4.6688e-04	2.4628e-03	6.9236e-04	2.4628e-03
0.7644	3.4911e-04	2.2610e-03	5.4939e-04	2.2610e-03
0.7738	2.5138e-04	2.0670e-03	4.2141e-04	2.0670e-03
0.7832	1.7341e-04	1.8785e-03	3.1132e-04	1.8785e-03
0.7926	1.1370e-04	1.6948e-03	2.2048e-04	1.6948e-03
0.8020	7.0196e-05	1.5144e-03	1.4890e-04	1.5144e-03
0.8114	4.0496e-05	1.3353e-03	9.4818e-05	1.3353e-03
0.8208	2.1660e-05	1.1575e-03	5.6324e-05	1.1575e-03
0.8302	1.0721e-05	9.8254e-04	3.0850e-05	9.8254e-04
0.8396	4.9479e-06	8.1422e-04	1.5487e-05	8.1422e-04
0.8490	2.1246e-06	6.5702e-04	7.1291e-06	6.5702e-04
0.8584	8.7317e-07	5.1481e-04	3.0366e-06	5.1481e-04
0.8678	3.3382e-07	3.8997e-04	1.1883e-06	3.8997e-04
0.8772	1.2283e-07	2.8355e-04	4.3650e-07	2.8355e-04
0.8866	4.1780e-08	1.9581e-04	1.4674e-07	1.9581e-04
0.8960	1.3302e-08	1.2670e-04	4.5470e-08	1.2670e-04
0.9054	4.1199e-09	7.5643e-05	1.3606e-08	7.5643e-05
0.9148	1.1975e-09	4.1055e-05	3.8020e-09	4.1055e-05
0.9242	3.2492e-10	1.9991e-05	9.8057e-10	1.9991e-05
0.9336	8.3642e-11	8.6616e-06	2.4016e-10	8.6616e-06
0.9430	2.0077e-11	3.3663e-06	5.3924e-11	3.3663e-06
0.9524	4.2918e-12	1.2237e-06	1.0781e-11	1.2237e-06
0.9618	7.9791e-13	4.6379e-07	1.7860e-12	4.6379e-07
0.9712	1.3724e-13	1.9515e-07	2.8355e-13	1.9515e-07
0.9806	1.5496e-14	7.5192e-08	2.4635e-14	7.5192e-08
0.9900	2.1374e-15	1.5358e-08	3.3988e-15	1.5358e-08
