0.0500	8.8159e-02	9.6547e-02	9.3202e-02	9.6547e-02
0.0594	9.9297e-02	1.0415e-01	1.0174e-01	1.0415e-01
0.0688	1.0939e-01	1.1233e-01	1.1099e-01	1.1233e-01
0.0782	1.1929e-01	1.2151e-01	1.2008e-01	1.2151e-01
0.0876	1.2543e-01	1.2910e-01	1.2538e-01	1.2910e-01
0.0970	1.2674e-01	1.3307e-01	1.2683e-01	1.3307e-01
0.1064	1.2495e-01	1.3331e-01	1.2516e-01	1.3331e-01
0.1158	1.2072e-01	1.3101e-01	1.2123e-01	1.3101e-01
0.1252	1.1555e-01	1.2702e-01	1.1619e-01	1.2702e-01
0.1346	1.0997e-01	1.2218e-01	1.1059e-01	1.2218e-01
0.1440	1.0442e-01	1.1688e-01	1.0500e-01	1.1688e-01
0.1534	9.8966e-02	1.1150e-01	9.9540e-02	1.1150e-01
0.1628	9.3643e-02	1.0610e-01	9.4112e-02	1.0610e-01
0.1722	8.8569e-02	1.0082e-01	8.9101e-02	1.0082e-01
0.1816	8.3690e-02	9.5784e-02	8.4213e-02	9.5784e-02
0.1910	7.9069e-02	9.0921e-02	7.9576e-02	9.0921e-02
0.2004	7.4618e-02	8.6239e-02	7.5129e-02	8.6239e-02
0.2098	7.0409e-02	8.1781e-02	7.1215e-02	8.1781e-02
0.2192	6.6522e-02	7.7522e-02	6.6976e-02	7.7522e-02
0.2286	6.2751e-02	7.3481e-02	6.3211e-02	7.3481e-02
0.2380	5.9254e-02	6.9680e-02	5.9673e-02	6.9680e-02
0.2474	5.5938e-02	6.6073e-02	5.6356e-02	6.6073e-02
0.2568	5.2832e-02	6.2643e-02	5.3235e-02	6.2643e-02
0.2662	4.9837e-02	5.9402e-02	5.0264e-02	5.9402e-02
0.2756	4.7011e-02	5.6325e-02	4.7426e-02	5.6325e-02
0.2850	4.4307e-02	5.3377e-02	4.5755e-02	5.3377e-02
0.2944	4.1718e-02	5.0580e-02	4.2130e-02	5.0580e-02
0.3038	3.9254e-02	4.7897e-02	3.9679e-02	4.7897e-02
0.3132	3.6802e-02	4.5329e-02	3.7337e-02	4.5329e-02
0.3226	3.4533e-02	4.2874e-02	3.5111e-02	4.2874e-02
0.3320	3.2578e-02	4.0530e-02	3.2999e-02	4.0530e-02
0.3414	3.0595e-02	3.8284e-02	3.1041e-02	3.8284e-02
0.3508	2.8709e-02	3.6143e-02	2.9110e-02	3.6143e-02
0.3602	2.6972e-02	3.4110e-02	2.7335e-02	3.4110e-02
0.3696	2.5284e-02	3.2178e-02	2.5749e-02	3.2178e-02
0.3790	2.3734e-02	3.0350e-02	2.4097e-02	3.0350e-02
0.3884	2.2268e-02	2.8623e-02	2.2623e-02	2.8623e-02
0.3978	2.0847e-02	2.6994e-02	2.1238e-02	2.6994e-02
0.4072	1.9624e-02	2.5458e-02	1.9937e-02	2.5458e-02
0.4166	1.8373e-02	2.4008e-02	1.8807e-02	2.4008e-02
0.4260	1.7224e-02	2.2639e-02	1.7545e-02	2.2639e-02
0.4354	1.6147e-02	2.1342e-02	1.6457e-02	2.1342e-02
0.4448	1.5132e-02	2.0114e-02	1.5429e-02	2.0114e-02
0.4542	1.4180e-02	1.8933e-02	1.4470e-02	1.8933e-02
0.4636	1.3279e-02	1.7854e-02	1.3567e-02	1.7854e-02
0.4730	1.2449e-02	1.6817e-02	1.2776e-02	1.6817e-02
0.4824	1.1666e-02	1.5838e-02	1.1921e-02	1.5838e-02
0.4918	1.0932e-02	1.4915e-02	1.1175e-02	1.4915e-02
0.5012	1.0237e-02	1.4045e-02	1.0474e-02	1.4045e-02
0.5106	9.5830e-03	1.3226e-02	9.8136e-03	1.3226e-02
0.5200	8.9732e-03	1.2455e-02	9.1935e-03	1.2455e-02
0.5294	8.4006e-03	1.1725e-02	8.6116e-03	1.1725e-02
0.5388	7.8644e-03	1.1041e-02	8.0663e-03	1.1041e-02
0.5482	7.3623e-03	1.0392e-02	7.5544e-03	1.0392e-02
0.5576	6.8908e-03	9.7783e-03	7.0738e-03	9.7783e-03
0.5670	6.4130e-03	9.2001e-03	6.6248e-03	9.2001e-03
0.5764	6.0347e-03	8.6562e-03	6.2011e-03	8.6562e-03
0.5858	5.6419e-03	8.1436e-03	5.8025e-03	8.1436e-03
0.5952	5.2793e-03	7.6630e-03	5.4310e-03	7.6630e-03
0.6046	4.9563e-03	7.2097e-03	5.0796e-03	7.2097e-03
0.6140	4.6093e-03	6.7821e-03	4.7479e-03	6.7821e-03
0.6234	4.3002e-03	6.3788e-03	4.4338e-03	6.3788e-03
0.6328	4.0020e-03	5.9983e-03	4.1368e-03	5.9983e-03
0.6422	3.7310e-03	5.6389e-03	3.8560e-03	5.6389e-03
0.6516	3.4674e-03	5.2986e-03	3.5882e-03	5.2986e-03
0.6610	3.2160e-03	4.9761e-03	3.3342e-03	4.9761e-03
0.6704	2.9752e-03	4.6699e-03	3.0905e-03	4.6699e-03
0.6798	2.7431e-03	4.3788e-03	2.8593e-03	4.3788e-03
0.6892	2.5231e-03	4.1016e-03	2.6366e-03	4.1016e-03
0.6986	2.3100e-03	3.8374e-03	2.4229e-03	3.8374e-03
0.7080	2.1047e-03	3.5849e-03	2.2180e-03	3.5849e-03
0.7174	1.8805e-03	3.3430e-03	2.0206e-03	3.3430e-03
0.7268	1.7112e-03	3.1097e-03	1.8321e-03	3.1097e-03
0.7362	1.5214e-03	2.8871e-03	1.6461e-03	2.8871e-03
0.7456	1.3353e-03	2.6713e-03	1.4663e-03	2.6713e-03
0.7550	1.1530e-03	2.4628e-03	1.2900e-03	2.4628e-03
0.7644	9.7759e-04	2.2610e-03	1.1178e-03	2.2610e-03
0.7738	8.0908e-04	2.0670e-03	9.4974e-04	2.0670e-03
0.7832	6.5223e-04	1.8785e-03	7.8895e-04	1.8785e-03
0.7926	5.1001e-04	1.6948e-03	6.3821e-04	1.6948e-03
0.8020	3.8555e-04	1.5144e-03	5.0087e-04	1.5144e-03
0.8114	2.8074e-04	1.3353e-03	3.7991e-04	1.3353e-03
0.8208	1.9579e-04	1.1575e-03	2.7735e-04	1.1575e-03
0.8302	1.2978e-04	9.8254e-04	1.9380e-04	9.8254e-04
0.8396	8.0775e-05	8.1422e-04	1.2845e-04	8.1422e-04
0.8490	4.6681e-05	6.5702e-04	7.9827e-05	6.5702e-04
0.8584	2.4769e-05	5.1481e-04	4.5839e-05	5.1481e-04
0.8678	1.2048e-05	3.8997e-04	2.4051e-05	3.8997e-04
0.8772	5.3717e-06	2.8355e-04	1.1443e-05	2.8355e-04
0.8866	2.2281e-06	1.9581e-04	4.9673e-06	1.9581e-04
0.8960	8.5631e-07	1.2670e-04	1.9487e-06	1.2670e-04
0.9054	3.0893e-07	7.5643e-05	7.0762e-07	7.5643e-05
0.9148	1.0285e-07	4.1055e-05	2.3211e-07	4.1055e-05
0.9242	3.2429e-08	1.9991e-05	7.1268e-08	1.9991e-05
0.9336	9.0903e-09	8.6616e-06	1.9367e-08	8.6616e-06
0.9430	2.4137e-09	3.3663e-06	4.9194e-09	3.3663e-06
0.9524	5.5600e-10	1.2237e-06	1.0706e-09	1.2237e-06
0.9618	1.1617e-10	4.6379e-07	2.0562e-10	4.6379e-07
0.9712	2.0958e-11	1.9515e-07	3.4104e-11	1.9515e-07
0.9806	2.7542e-12	7.5192e-08	3.6308e-12	7.5192e-08
0.9900	3.7359e-13	1.5358e-08	4.9255e-13	1.5358e-08
