0.0500	8.7310e-02	9.2519e-02	9.2539e-02	9.2519e-02
0.0594	9.7531e-02	1.0083e-01	1.0089e-01	1.0083e-01
0.0688	1.0834e-01	1.0986e-01	1.1026e-01	1.0986e-01
0.0782	1.1887e-01	1.1997e-01	1.1981e-01	1.1997e-01
0.0876	1.2612e-01	1.2845e-01	1.2638e-01	1.2845e-01
0.0970	1.2879e-01	1.3313e-01	1.2897e-01	1.3313e-01
0.1064	1.2776e-01	1.3384e-01	1.2793e-01	1.3384e-01
0.1158	1.2424e-01	1.3185e-01	1.2463e-01	1.3185e-01
0.1252	1.1943e-01	1.2804e-01	1.1964e-01	1.2804e-01
0.1346	1.1401e-01	1.2330e-01	1.1451e-01	1.2330e-01
0.1440	1.0850e-01	1.1807e-01	1.0898e-01	1.1807e-01
0.1534	1.0308e-01	1.1272e-01	1.0353e-01	1.1272e-01
0.1628	9.7723e-02	1.0734e-01	9.8171e-02	1.0734e-01
0.1722	9.2580e-02	1.0206e-01	9.2940e-02	1.0206e-01
0.1816	8.7692e-02	9.7018e-02	8.8060e-02	9.7018e-02
0.1910	8.2963e-02	9.2147e-02	8.3341e-02	9.2147e-02
0.2004	7.8443e-02	8.7453e-02	7.8820e-02	8.7453e-02
0.2098	7.4166e-02	8.2984e-02	7.4542e-02	8.2984e-02
0.2192	7.0133e-02	7.8711e-02	7.0476e-02	7.8711e-02
0.2286	6.6315e-02	7.4657e-02	6.6672e-02	7.4657e-02
0.2380	6.2692e-02	7.0840e-02	6.3020e-02	7.0840e-02
0.2474	5.9294e-02	6.7214e-02	5.9610e-02	6.7214e-02
0.2568	5.6083e-02	6.3765e-02	5.6385e-02	6.3765e-02
0.2662	5.3033e-02	6.0501e-02	5.3185e-02	6.0501e-02
0.2756	5.0120e-02	5.7398e-02	5.0408e-02	5.7398e-02
0.2850	4.7317e-02	5.4420e-02	4.7624e-02	5.4420e-02
0.2944	4.4658e-02	5.1592e-02	4.4662e-02	5.1592e-02
0.3038	4.1920e-02	4.8876e-02	4.2453e-02	4.8876e-02
0.3132	3.9678e-02	4.6273e-02	3.9825e-02	4.6273e-02
0.3226	3.7366e-02	4.3783e-02	3.7676e-02	4.3783e-02
0.3320	3.5156e-02	4.1403e-02	3.5468e-02	4.1403e-02
0.3414	3.3075e-02	3.9122e-02	3.3382e-02	3.9122e-02
0.3508	3.1106e-02	3.6945e-02	3.1350e-02	3.6945e-02
0.3602	2.9234e-02	3.4877e-02	2.9532e-02	3.4877e-02
0.3696	2.7474e-02	3.2912e-02	2.7767e-02	3.2912e-02
0.3790	2.5826e-02	3.1051e-02	2.6110e-02	3.1051e-02
0.3884	2.4272e-02	2.9293e-02	2.4555e-02	2.9293e-02
0.3978	2.2811e-02	2.7633e-02	2.3078e-02	2.7633e-02
0.4072	2.1437e-02	2.6066e-02	2.1708e-02	2.6066e-02
0.4166	2.0128e-02	2.4586e-02	2.0389e-02	2.4586e-02
0.4260	1.8905e-02	2.3188e-02	1.9158e-02	2.3188e-02
0.4354	1.7751e-02	2.1863e-02	1.8016e-02	2.1863e-02
0.4448	1.6662e-02	2.0608e-02	1.6899e-02	2.0608e-02
0.4542	1.5639e-02	1.9401e-02	1.5867e-02	1.9401e-02
0.4636	1.4677e-02	1.8297e-02	1.4898e-02	1.8297e-02
0.4730	1.3771e-02	1.7236e-02	1.3984e-02	1.7236e-02
0.4824	1.2922e-02	1.6233e-02	1.3126e-02	1.6233e-02
0.4918	1.2124e-02	1.5288e-02	1.2320e-02	1.5288e-02
0.5012	1.1376e-02	1.4398e-02	1.1565e-02	1.4398e-02
0.5106	1.0669e-02	1.3560e-02	1.0854e-02	1.3560e-02
0.5200	1.0013e-02	1.2770e-02	1.0184e-02	1.2770e-02
0.5294	9.3805e-03	1.2022e-02	9.5526e-03	1.2022e-02
0.5388	8.7954e-03	1.1321e-02	8.9601e-03	1.1321e-02
0.5482	8.2455e-03	1.0656e-02	8.4027e-03	1.0656e-02
0.5576	7.7293e-03	1.0027e-02	7.8796e-03	1.0027e-02
0.5670	7.2460e-03	9.4340e-03	7.3913e-03	9.4340e-03
0.5764	6.7907e-03	8.8763e-03	6.9274e-03	8.8763e-03
0.5858	6.3638e-03	8.3508e-03	6.4962e-03	8.3508e-03
0.5952	5.9658e-03	7.8579e-03	6.0732e-03	7.8579e-03
0.6046	5.5811e-03	7.3930e-03	5.7037e-03	7.3930e-03
0.6140	5.2282e-03	6.9543e-03	5.3420e-03	6.9543e-03
0.6234	4.8905e-03	6.5404e-03	5.0016e-03	6.5404e-03
0.6328	4.5717e-03	6.1499e-03	4.6771e-03	6.1499e-03
0.6422	4.2693e-03	5.7810e-03	4.3596e-03	5.7810e-03
0.6516	3.9824e-03	5.4317e-03	4.0809e-03	5.4317e-03
0.6610	3.7106e-03	5.1006e-03	3.8053e-03	5.1006e-03
0.6704	3.4494e-03	4.7862e-03	3.5420e-03	4.7862e-03
0.6798	3.2006e-03	4.4872e-03	3.2919e-03	4.4872e-03
0.6892	2.9619e-03	4.2025e-03	3.0514e-03	4.2025e-03
0.6986	2.7316e-03	3.9311e-03	2.8202e-03	3.9311e-03
0.7080	2.5122e-03	3.6718e-03	2.6015e-03	3.6718e-03
0.7174	2.2997e-03	3.4233e-03	2.3880e-03	3.4233e-03
0.7268	2.0946e-03	3.1838e-03	2.1839e-03	3.1838e-03
0.7362	1.8960e-03	2.9552e-03	1.9867e-03	2.9552e-03
0.7456	1.7022e-03	2.7337e-03	1.7968e-03	2.7337e-03
0.7550	1.5123e-03	2.5198e-03	1.6117e-03	2.5198e-03
0.7644	1.3258e-03	2.3128e-03	1.4309e-03	2.3128e-03
0.7738	1.1427e-03	2.1140e-03	1.2523e-03	2.1140e-03
0.7832	9.6535e-04	1.9208e-03	1.0779e-03	1.9208e-03
0.7926	7.9641e-04	1.7327e-03	9.0902e-04	1.7327e-03
0.8020	6.3938e-04	1.5480e-03	7.4805e-04	1.5480e-03
0.8114	4.9768e-04	1.3648e-03	5.9919e-04	1.3648e-03
0.8208	3.7424e-04	1.1829e-03	4.6494e-04	1.1829e-03
0.8302	2.7068e-04	1.0040e-03	3.4821e-04	1.0040e-03
0.8396	1.8713e-04	8.3187e-04	2.5049e-04	8.3187e-04
0.8490	1.2254e-04	6.7118e-04	1.7183e-04	6.7118e-04
0.8584	7.5037e-05	5.2584e-04	1.1122e-04	5.2584e-04
0.8678	4.2435e-05	3.9830e-04	6.7040e-05	3.9830e-04
0.8772	2.1931e-05	2.8959e-04	3.7073e-05	2.8959e-04
0.8866	1.0340e-05	1.9997e-04	1.8593e-05	1.9997e-04
0.8960	4.4179e-06	1.2939e-04	8.3766e-06	1.2939e-04
0.9054	1.7480e-06	7.7249e-05	3.4265e-06	7.7249e-05
0.9148	6.2753e-07	4.1925e-05	1.2460e-06	4.1925e-05
0.9242	2.1164e-07	2.0414e-05	4.1976e-07	2.0414e-05
0.9336	6.3729e-08	8.8444e-06	1.2376e-07	8.8444e-06
0.9430	1.8025e-08	3.4372e-06	3.3989e-08	3.4372e-06
0.9524	4.3855e-09	1.2495e-06	7.8446e-09	1.2495e-06
0.9618	9.7950e-10	4.7361e-07	1.6299e-09	4.7361e-07
0.9712	1.8310e-10	1.9928e-07	2.7901e-10	1.9928e-07
0.9806	2.6122e-11	7.6762e-08	3.2903e-11	7.6762e-08
0.9900	3.5142e-12	1.5677e-08	4.4270e-12	1.5677e-08
