0.0500	7.5431e-03	-2.3424e-03	1.1597e-02	-2.3424e-03
0.0594	1.5381e-02	5.7683e-03	1.8252e-02	5.7683e-03
0.0688	2.4143e-02	1.5199e-02	2.6179e-02	1.5199e-02
0.0782	3.3566e-02	2.5968e-02	3.4727e-02	2.5968e-02
0.0876	4.1947e-02	3.5661e-02	4.2586e-02	3.5661e-02
0.0970	4.7494e-02	4.5567e-02	4.7804e-02	4.5567e-02
0.1064	5.0217e-02	5.1322e-02	5.0352e-02	5.1322e-02
0.1158	5.1005e-02	5.4259e-02	5.1035e-02	5.4259e-02
0.1252	5.0532e-02	5.5389e-02	5.0633e-02	5.5389e-02
0.1346	4.9372e-02	5.5179e-02	4.9511e-02	5.5179e-02
0.1440	4.8188e-02	5.4220e-02	4.7866e-02	5.4220e-02
0.1534	4.5993e-02	5.2818e-02	4.6181e-02	5.2818e-02
0.1628	4.4176e-02	5.1225e-02	4.4394e-02	5.1225e-02
0.1722	4.2315e-02	4.9459e-02	4.2519e-02	4.9459e-02
0.1816	4.0516e-02	4.7632e-02	4.0704e-02	4.7632e-02
0.1910	3.8761e-02	4.5860e-02	3.8931e-02	4.5860e-02
0.2004	3.7048e-02	4.4102e-02	3.7218e-02	4.4102e-02
0.2098	3.5419e-02	4.2361e-02	3.5562e-02	4.2361e-02
0.2192	3.3845e-02	4.0709e-02	3.3983e-02	4.0709e-02
0.2286	3.2353e-02	3.9124e-02	3.2493e-02	3.9124e-02
0.2380	3.0928e-02	3.7594e-02	3.1063e-02	3.7594e-02
0.2474	2.9542e-02	3.6115e-02	2.9665e-02	3.6115e-02
0.2568	2.8221e-02	3.4697e-02	2.8328e-02	3.4697e-02
0.2662	2.6961e-02	3.3323e-02	2.7070e-02	3.3323e-02
0.2756	2.5717e-02	3.1990e-02	2.5761e-02	3.1990e-02
0.2850	2.4512e-02	3.0691e-02	2.4621e-02	3.0691e-02
0.2944	2.3405e-02	2.9416e-02	2.3435e-02	2.9416e-02
0.3038	2.2188e-02	2.8165e-02	2.2351e-02	2.8165e-02
0.3132	2.1075e-02	2.6937e-02	2.1189e-02	2.6937e-02
0.3226	1.9984e-02	2.5736e-02	2.0102e-02	2.5736e-02
0.3320	1.8966e-02	2.4565e-02	1.9087e-02	2.4565e-02
0.3414	1.7978e-02	2.3426e-02	1.8099e-02	2.3426e-02
0.3508	1.7010e-02	2.2319e-02	1.7136e-02	2.2319e-02
0.3602	1.6116e-02	2.1244e-02	1.6249e-02	2.1244e-02
0.3696	1.5192e-02	2.0204e-02	1.5352e-02	2.0204e-02
0.3790	1.4376e-02	1.9206e-02	1.4513e-02	1.9206e-02
0.3884	1.3614e-02	1.8257e-02	1.3743e-02	1.8257e-02
0.3978	1.2865e-02	1.7352e-02	1.2993e-02	1.7352e-02
0.4072	1.2148e-02	1.6485e-02	1.2274e-02	1.6485e-02
0.4166	1.1470e-02	1.5654e-02	1.1596e-02	1.5654e-02
0.4260	1.0822e-02	1.4855e-02	1.0948e-02	1.4855e-02
0.4354	1.0218e-02	1.4088e-02	1.0343e-02	1.4088e-02
0.4448	9.6363e-03	1.3354e-02	9.7601e-03	1.3354e-02
0.4542	9.0827e-03	1.2655e-02	9.2046e-03	1.2655e-02
0.4636	8.5546e-03	1.1997e-02	8.6717e-03	1.1997e-02
0.4730	8.0576e-03	1.1366e-02	8.1769e-03	1.1366e-02
0.4824	7.5878e-03	1.0759e-02	7.7060e-03	1.0759e-02
0.4918	7.1478e-03	1.0175e-02	7.2616e-03	1.0175e-02
0.5012	6.7303e-03	9.6220e-03	6.8440e-03	9.6220e-03
0.5106	6.3351e-03	9.0985e-03	6.4468e-03	9.0985e-03
0.5200	5.9673e-03	8.6028e-03	6.0711e-03	8.6028e-03
0.5294	5.5839e-03	8.1335e-03	5.7150e-03	8.1335e-03
0.5388	5.2785e-03	7.6900e-03	5.3785e-03	7.6900e-03
0.5482	4.9900e-03	7.2703e-03	5.0599e-03	7.2703e-03
0.5576	4.6665e-03	6.8712e-03	4.7618e-03	6.8712e-03
0.5670	4.3865e-03	6.4906e-03	4.4769e-03	6.4906e-03
0.5764	4.1236e-03	6.1291e-03	4.2138e-03	6.1291e-03
0.5858	3.8719e-03	5.7868e-03	3.9596e-03	5.7868e-03
0.5952	3.6463e-03	5.4624e-03	3.7270e-03	5.4624e-03
0.6046	3.4221e-03	5.1557e-03	3.5038e-03	5.1557e-03
0.6140	3.2125e-03	4.8651e-03	3.2868e-03	4.8651e-03
0.6234	3.0167e-03	4.5915e-03	3.0918e-03	4.5915e-03
0.6328	2.8309e-03	4.3325e-03	2.9033e-03	4.3325e-03
0.6422	2.6546e-03	4.0864e-03	2.7243e-03	4.0864e-03
0.6516	2.4867e-03	3.8528e-03	2.5539e-03	3.8528e-03
0.6610	2.3285e-03	3.6316e-03	2.3932e-03	3.6316e-03
0.6704	2.1780e-03	3.4219e-03	2.2403e-03	3.4219e-03
0.6798	2.0334e-03	3.2222e-03	2.0990e-03	3.2222e-03
0.6892	1.8965e-03	3.0333e-03	1.9547e-03	3.0333e-03
0.6986	1.7642e-03	2.8524e-03	1.8189e-03	2.8524e-03
0.7080	1.6403e-03	2.6802e-03	1.6953e-03	2.6802e-03
0.7174	1.5199e-03	2.5154e-03	1.5742e-03	2.5154e-03
0.7268	1.3968e-03	2.3575e-03	1.4569e-03	2.3575e-03
0.7362	1.2964e-03	2.2071e-03	1.3450e-03	2.2071e-03
0.7456	1.1876e-03	2.0630e-03	1.2391e-03	2.0630e-03
0.7550	1.0840e-03	1.9247e-03	1.1341e-03	1.9247e-03
0.7644	9.8692e-04	1.7921e-03	1.0351e-03	1.7921e-03
0.7738	8.9243e-04	1.6645e-03	9.4011e-04	1.6645e-03
0.7832	8.0107e-04	1.5417e-03	8.4857e-04	1.5417e-03
0.7926	7.1216e-04	1.4234e-03	7.5947e-04	1.4234e-03
0.8020	6.2341e-04	1.3093e-03	6.7032e-04	1.3093e-03
0.8114	5.3501e-04	1.1994e-03	5.8162e-04	1.1994e-03
0.8208	4.4764e-04	1.0939e-03	4.9406e-04	1.0939e-03
0.8302	3.6404e-04	9.9259e-04	4.1013e-04	9.9259e-04
0.8396	2.8723e-04	8.9481e-04	3.3445e-04	8.9481e-04
0.8490	2.1984e-04	7.9930e-04	2.7024e-04	7.9930e-04
0.8584	1.6175e-04	7.0366e-04	2.1748e-04	7.0366e-04
0.8678	1.1316e-04	6.0684e-04	1.7457e-04	6.0684e-04
0.8772	7.3920e-05	5.1043e-04	1.3871e-04	5.1043e-04
0.8866	4.3841e-05	4.1806e-04	1.0779e-04	4.1806e-04
0.8960	2.2689e-05	3.3342e-04	8.2827e-05	3.3342e-04
0.9054	9.7378e-06	2.5861e-04	6.4233e-05	2.5861e-04
0.9148	3.3167e-06	1.9432e-04	5.1541e-05	1.9432e-04
0.9242	8.8546e-07	1.4001e-04	4.3253e-05	1.4001e-04
0.9336	1.8855e-07	9.4478e-05	3.6841e-05	9.4478e-05
0.9430	3.2063e-08	5.7567e-05	2.9812e-05	5.7567e-05
0.9524	4.2376e-09	3.0198e-05	2.1133e-05	3.0198e-05
0.9618	4.1319e-10	1.2912e-05	1.2149e-05	1.2912e-05
0.9712	2.8372e-11	4.2209e-06	5.2482e-06	4.2209e-06
0.9806	1.2206e-12	9.6282e-07	1.5456e-06	9.6282e-07
0.9900	2.4866e-14	1.1746e-07	2.3647e-07	1.1746e-07
