0.0500	2.6196e-02	-2.8198e-03	2.2411e-02	-2.8198e-03
0.0594	4.4063e-02	6.1979e-03	3.3674e-02	6.1979e-03
0.0688	5.5874e-02	1.7773e-02	4.7487e-02	1.7773e-02
0.0782	6.0422e-02	3.2501e-02	5.6035e-02	3.2501e-02
0.0876	6.0509e-02	4.7694e-02	5.9179e-02	4.7694e-02
0.0970	5.8714e-02	5.9951e-02	5.8906e-02	5.9951e-02
0.1064	5.6535e-02	6.7779e-02	5.7228e-02	6.7779e-02
0.1158	5.3778e-02	7.2203e-02	5.5023e-02	7.2203e-02
0.1252	5.0858e-02	7.3782e-02	5.2939e-02	7.3782e-02
0.1346	4.7988e-02	7.3639e-02	4.9910e-02	7.3639e-02
0.1440	4.5222e-02	7.2347e-02	4.7379e-02	7.2347e-02
0.1534	4.2582e-02	7.0553e-02	4.4857e-02	7.0553e-02
0.1628	4.0082e-02	6.8375e-02	4.2278e-02	6.8375e-02
0.1722	3.7775e-02	6.5987e-02	4.0083e-02	6.5987e-02
0.1816	3.5524e-02	6.3638e-02	3.7881e-02	6.3638e-02
0.1910	3.3386e-02	6.1279e-02	3.5873e-02	6.1279e-02
0.2004	3.1306e-02	5.8898e-02	3.4054e-02	5.8898e-02
0.2098	2.9323e-02	5.6605e-02	3.2390e-02	5.6605e-02
0.2192	2.7381e-02	5.4373e-02	3.0625e-02	5.4373e-02
0.2286	2.5520e-02	5.2213e-02	2.8927e-02	5.2213e-02
0.2380	2.3733e-02	5.0167e-02	2.7224e-02	5.0167e-02
0.2474	2.2040e-02	4.8198e-02	2.5659e-02	4.8198e-02
0.2568	2.0452e-02	4.6283e-02	2.4058e-02	4.6283e-02
0.2662	1.8959e-02	4.4437e-02	2.2532e-02	4.4437e-02
0.2756	1.7514e-02	4.2646e-02	2.1131e-02	4.2646e-02
0.2850	1.6257e-02	4.0884e-02	1.9777e-02	4.0884e-02
0.2944	1.5038e-02	3.9179e-02	1.8511e-02	3.9179e-02
0.3038	1.3970e-02	3.7495e-02	1.7322e-02	3.7495e-02
0.3132	1.2838e-02	3.5846e-02	1.6196e-02	3.5846e-02
0.3226	1.1843e-02	3.4230e-02	1.5133e-02	3.4230e-02
0.3320	1.0921e-02	3.2654e-02	1.4089e-02	3.2654e-02
0.3414	1.0068e-02	3.1110e-02	1.3163e-02	3.1110e-02
0.3508	9.2759e-03	2.9600e-02	1.2389e-02	2.9600e-02
0.3602	8.5692e-03	2.8151e-02	1.1385e-02	2.8151e-02
0.3696	7.8533e-03	2.6760e-02	1.0618e-02	2.6760e-02
0.3790	7.2450e-03	2.5431e-02	9.8678e-03	2.5431e-02
0.3884	6.6685e-03	2.4162e-02	9.1720e-03	2.4162e-02
0.3978	6.1377e-03	2.2947e-02	8.5310e-03	2.2947e-02
0.4072	5.6456e-03	2.1782e-02	7.8957e-03	2.1782e-02
0.4166	5.1985e-03	2.0664e-02	7.3190e-03	2.0664e-02
0.4260	4.7816e-03	1.9597e-02	6.7833e-03	1.9597e-02
0.4354	4.3974e-03	1.8583e-02	6.2878e-03	1.8583e-02
0.4448	4.0420e-03	1.7616e-02	5.8302e-03	1.7616e-02
0.4542	3.7118e-03	1.6689e-02	5.3744e-03	1.6689e-02
0.4636	3.4041e-03	1.5798e-02	5.0287e-03	1.5798e-02
0.4730	3.1187e-03	1.4946e-02	4.6796e-03	1.4946e-02
0.4824	2.8497e-03	1.4137e-02	4.3783e-03	1.4137e-02
0.4918	2.5948e-03	1.3371e-02	4.0767e-03	1.3371e-02
0.5012	2.3512e-03	1.2645e-02	3.7917e-03	1.2645e-02
0.5106	2.1239e-03	1.1960e-02	3.6510e-03	1.1960e-02
0.5200	1.9027e-03	1.1311e-02	3.4320e-03	1.1311e-02
0.5294	1.6920e-03	1.0696e-02	3.2691e-03	1.0696e-02
0.5388	1.4802e-03	1.0110e-02	3.1215e-03	1.0110e-02
0.5482	1.2788e-03	9.5550e-03	2.9762e-03	9.5550e-03
0.5576	1.0855e-03	9.0269e-03	2.8198e-03	9.0269e-03
0.5670	9.0266e-04	8.5260e-03	2.6387e-03	8.5260e-03
0.5764	7.3414e-04	8.0534e-03	2.4255e-03	8.0534e-03
0.5858	5.8245e-04	7.6061e-03	2.1691e-03	7.6061e-03
0.5952	4.4445e-04	7.1869e-03	1.9070e-03	7.1869e-03
0.6046	3.3130e-04	6.7902e-03	1.6184e-03	6.7902e-03
0.6140	2.3905e-04	6.4147e-03	1.3263e-03	6.4147e-03
0.6234	1.6334e-04	6.0597e-03	1.0468e-03	6.0597e-03
0.6328	1.0767e-04	5.7243e-03	7.9370e-04	5.7243e-03
0.6422	6.6831e-05	5.4072e-03	5.7736e-04	5.4072e-03
0.6516	4.0584e-05	5.1065e-03	4.0168e-04	5.1065e-03
0.6610	2.3166e-05	4.8210e-03	2.6588e-04	4.8210e-03
0.6704	1.2625e-05	4.5493e-03	1.6714e-04	4.5493e-03
0.6798	6.5587e-06	4.2834e-03	9.8940e-05	4.2834e-03
0.6892	3.2726e-06	4.0433e-03	5.5175e-05	4.0433e-03
0.6986	1.5621e-06	3.8069e-03	2.9024e-05	3.8069e-03
0.7080	7.1875e-07	3.5808e-03	1.4449e-05	3.5808e-03
0.7174	3.2006e-07	3.3639e-03	6.8602e-06	3.3639e-03
0.7268	1.3658e-07	3.1552e-03	3.0945e-06	3.1552e-03
0.7362	5.6743e-08	2.9540e-03	1.3403e-06	2.9540e-03
0.7456	2.3006e-08	2.7591e-03	5.6003e-07	2.7591e-03
0.7550	9.0496e-09	2.5700e-03	2.2237e-07	2.5700e-03
0.7644	3.4384e-09	2.3864e-03	8.6177e-08	2.3864e-03
0.7738	1.2401e-09	2.2094e-03	3.2091e-08	2.2094e-03
0.7832	4.4286e-10	2.0371e-03	1.1384e-08	2.0371e-03
0.7926	1.6020e-10	1.8686e-03	4.0947e-09	1.8686e-03
0.8020	5.1686e-11	1.7011e-03	1.3030e-09	1.7011e-03
0.8114	1.7797e-11	1.5308e-03	4.4080e-10	1.5308e-03
0.8208	5.6494e-12	1.3552e-03	1.3628e-10	1.3552e-03
0.8302	1.7783e-12	1.1749e-03	4.1591e-11	1.1749e-03
0.8396	5.4719e-13	9.9404e-04	1.2362e-11	9.9404e-04
0.8490	1.5806e-13	8.1887e-04	3.4107e-12	8.1887e-04
0.8584	4.7539e-14	6.5555e-04	9.8585e-13	6.5555e-04
0.8678	1.2169e-14	5.0834e-04	2.3700e-13	5.0834e-04
0.8772	3.4903e-15	3.7937e-04	6.5134e-14	3.7937e-04
0.8866	8.4034e-16	2.6965e-04	1.4552e-14	2.6965e-04
0.8960	2.1660e-16	1.7993e-04	3.5591e-15	1.7993e-04
0.9054	4.9598e-17	1.1086e-04	7.4354e-16	1.1086e-04
0.9148	1.2124e-17	6.2045e-05	1.6788e-16	6.2045e-05
0.9242	2.6542e-18	3.1066e-05	3.0201e-17	3.1066e-05
0.9336	7.2749e-19	1.3778e-05	6.1570e-18	1.3778e-05
0.9430	2.3600e-19	5.4411e-06	1.0838e-18	5.4411e-06
0.9524	9.6722e-20	1.9788e-06	2.4681e-19	1.9788e-06
0.9618	3.8411e-20	7.3860e-07	6.0622e-20	7.3860e-07
0.9712	1.3476e-20	3.1481e-07	1.9805e-20	3.1481e-07
0.9806	3.7264e-21	1.2805e-07	5.1721e-21	1.2805e-07
0.9900	5.1575e-22	2.6673e-08	7.0915e-22	2.6673e-08
