0.0500	9.5514e-02	9.6547e-02	9.5515e-02	9.6547e-02
0.0594	1.0322e-01	1.0415e-01	1.0322e-01	1.0415e-01
0.0688	1.1159e-01	1.1233e-01	1.1159e-01	1.1233e-01
0.0782	1.2056e-01	1.2151e-01	1.2056e-01	1.2151e-01
0.0876	1.2792e-01	1.2910e-01	1.2792e-01	1.2910e-01
0.0970	1.3196e-01	1.3307e-01	1.3196e-01	1.3307e-01
0.1064	1.3191e-01	1.3331e-01	1.3191e-01	1.3331e-01
0.1158	1.2942e-01	1.3101e-01	1.2942e-01	1.3101e-01
0.1252	1.2503e-01	1.2702e-01	1.2503e-01	1.2702e-01
0.1346	1.2040e-01	1.2218e-01	1.2040e-01	1.2218e-01
0.1440	1.1498e-01	1.1688e-01	1.1497e-01	1.1688e-01
0.1534	1.0964e-01	1.1150e-01	1.0964e-01	1.1150e-01
0.1628	1.0427e-01	1.0610e-01	1.0427e-01	1.0610e-01
0.1722	9.8773e-02	1.0082e-01	9.8774e-02	1.0082e-01
0.1816	9.4048e-02	9.5784e-02	9.4048e-02	9.5784e-02
0.1910	8.9179e-02	9.0921e-02	8.9179e-02	9.0921e-02
0.2004	8.4560e-02	8.6239e-02	8.4560e-02	8.6239e-02
0.2098	8.0148e-02	8.1781e-02	8.0148e-02	8.1781e-02
0.2192	7.5329e-02	7.7522e-02	7.5329e-02	7.7522e-02
0.2286	7.1963e-02	7.3481e-02	7.1963e-02	7.3481e-02
0.2380	6.8171e-02	6.9680e-02	6.8171e-02	6.9680e-02
0.2474	6.4659e-02	6.6073e-02	6.4659e-02	6.6073e-02
0.2568	6.1258e-02	6.2643e-02	6.1258e-02	6.2643e-02
0.2662	5.8446e-02	5.9402e-02	5.8446e-02	5.9402e-02
0.2756	5.5039e-02	5.6325e-02	5.5039e-02	5.6325e-02
0.2850	5.2114e-02	5.3377e-02	5.2114e-02	5.3377e-02
0.2944	4.9149e-02	5.0580e-02	4.9149e-02	5.0580e-02
0.3038	4.6739e-02	4.7897e-02	4.6739e-02	4.7897e-02
0.3132	4.4191e-02	4.5329e-02	4.4192e-02	4.5329e-02
0.3226	4.1656e-02	4.2874e-02	4.1655e-02	4.2874e-02
0.3320	3.9457e-02	4.0530e-02	3.9457e-02	4.0530e-02
0.3414	3.7175e-02	3.8284e-02	3.7175e-02	3.8284e-02
0.3508	3.5034e-02	3.6143e-02	3.5035e-02	3.6143e-02
0.3602	3.3145e-02	3.4110e-02	3.3145e-02	3.4110e-02
0.3696	3.1248e-02	3.2178e-02	3.1248e-02	3.2178e-02
0.3790	2.9457e-02	3.0350e-02	2.9457e-02	3.0350e-02
0.3884	2.7766e-02	2.8623e-02	2.7766e-02	2.8623e-02
0.3978	2.6173e-02	2.6994e-02	2.6173e-02	2.6994e-02
0.4072	2.4669e-02	2.5458e-02	2.4669e-02	2.5458e-02
0.4166	2.3252e-02	2.4008e-02	2.3253e-02	2.4008e-02
0.4260	2.2090e-02	2.2639e-02	2.2090e-02	2.2639e-02
0.4354	2.0646e-02	2.1342e-02	2.0646e-02	2.1342e-02
0.4448	1.9317e-02	2.0114e-02	1.9317e-02	2.0114e-02
0.4542	1.8311e-02	1.8933e-02	1.8311e-02	1.8933e-02
0.4636	1.7239e-02	1.7854e-02	1.7239e-02	1.7854e-02
0.4730	1.6226e-02	1.6817e-02	1.6226e-02	1.6817e-02
0.4824	1.5277e-02	1.5838e-02	1.5277e-02	1.5838e-02
0.4918	1.4377e-02	1.4915e-02	1.4377e-02	1.4915e-02
0.5012	1.3538e-02	1.4045e-02	1.3538e-02	1.4045e-02
0.5106	1.2737e-02	1.3226e-02	1.2737e-02	1.3226e-02
0.5200	1.1988e-02	1.2455e-02	1.1988e-02	1.2455e-02
0.5294	1.1280e-02	1.1725e-02	1.1280e-02	1.1725e-02
0.5388	1.0612e-02	1.1041e-02	1.0612e-02	1.1041e-02
0.5482	9.9816e-03	1.0392e-02	9.9816e-03	1.0392e-02
0.5576	9.3890e-03	9.7783e-03	9.3891e-03	9.7783e-03
0.5670	8.8274e-03	9.2001e-03	8.8275e-03	9.2001e-03
0.5764	8.3009e-03	8.6562e-03	8.3009e-03	8.6562e-03
0.5858	7.7846e-03	8.1436e-03	7.7846e-03	8.1436e-03
0.5952	7.3413e-03	7.6630e-03	7.3413e-03	7.6630e-03
0.6046	6.9024e-03	7.2097e-03	6.9025e-03	7.2097e-03
0.6140	6.4877e-03	6.7821e-03	6.4878e-03	6.7821e-03
0.6234	6.0988e-03	6.3788e-03	6.0988e-03	6.3788e-03
0.6328	5.7319e-03	5.9983e-03	5.7319e-03	5.9983e-03
0.6422	5.3845e-03	5.6389e-03	5.3846e-03	5.6389e-03
0.6516	5.0543e-03	5.2986e-03	5.0543e-03	5.2986e-03
0.6610	4.7416e-03	4.9761e-03	4.7416e-03	4.9761e-03
0.6704	4.4448e-03	4.6699e-03	4.4448e-03	4.6699e-03
0.6798	4.1627e-03	4.3788e-03	4.1627e-03	4.3788e-03
0.6892	3.8924e-03	4.1016e-03	3.8924e-03	4.1016e-03
0.6986	3.6375e-03	3.8374e-03	3.6375e-03	3.8374e-03
0.7080	3.3931e-03	3.5849e-03	3.3932e-03	3.5849e-03
0.7174	3.1885e-03	3.3430e-03	3.1885e-03	3.3430e-03
0.7268	2.9296e-03	3.1097e-03	2.9296e-03	3.1097e-03
0.7362	2.7118e-03	2.8871e-03	2.7118e-03	2.8871e-03
0.7456	2.5012e-03	2.6713e-03	2.5012e-03	2.6713e-03
0.7550	2.2982e-03	2.4628e-03	2.2982e-03	2.4628e-03
0.7644	2.1006e-03	2.2610e-03	2.1006e-03	2.2610e-03
0.7738	1.9115e-03	2.0670e-03	1.9115e-03	2.0670e-03
0.7832	1.7255e-03	1.8785e-03	1.7255e-03	1.8785e-03
0.7926	1.5444e-03	1.6948e-03	1.5444e-03	1.6948e-03
0.8020	1.3601e-03	1.5144e-03	1.3601e-03	1.5144e-03
0.8114	1.1869e-03	1.3353e-03	1.1869e-03	1.3353e-03
0.8208	1.0125e-03	1.1575e-03	1.0125e-03	1.1575e-03
0.8302	8.4384e-04	9.8254e-04	8.4386e-04	9.8254e-04
0.8396	6.8542e-04	8.1422e-04	6.8544e-04	8.1422e-04
0.8490	5.4100e-04	6.5702e-04	5.4102e-04	6.5702e-04
0.8584	4.1345e-04	5.1481e-04	4.1347e-04	5.1481e-04
0.8678	3.0397e-04	3.8997e-04	3.0398e-04	3.8997e-04
0.8772	2.1342e-04	2.8355e-04	2.1343e-04	2.8355e-04
0.8866	1.4133e-04	1.9581e-04	1.4134e-04	1.9581e-04
0.8960	8.7234e-05	1.2670e-04	8.7240e-05	1.2670e-04
0.9054	4.9472e-05	7.5643e-05	4.9476e-05	7.5643e-05
0.9148	2.5498e-05	4.1055e-05	2.5500e-05	4.1055e-05
0.9242	1.1829e-05	1.9991e-05	1.1830e-05	1.9991e-05
0.9336	4.8748e-06	8.6616e-06	4.8754e-06	8.6616e-06
0.9430	1.8115e-06	3.3663e-06	1.8118e-06	3.3663e-06
0.9524	5.7682e-07	1.2237e-06	5.7690e-07	1.2237e-06
0.9618	1.6621e-07	4.6379e-07	1.6623e-07	4.6379e-07
0.9712	3.8087e-08	1.9515e-07	3.8090e-08	1.9515e-07
0.9806	7.3383e-09	7.5192e-08	7.3387e-09	7.5192e-08
0.9900	9.7239e-10	1.5358e-08	9.7243e-10	1.5358e-08
