0.0500	9.0864e-02	9.2519e-02	8.5219e-02	9.2519e-02
0.0594	1.0122e-01	1.0083e-01	9.6252e-02	1.0083e-01
0.0688	1.0407e-01	1.0986e-01	1.0202e-01	1.0986e-01
0.0782	1.0103e-01	1.1997e-01	1.0182e-01	1.1997e-01
0.0876	9.5158e-02	1.2845e-01	9.7615e-02	1.2845e-01
0.0970	8.9116e-02	1.3313e-01	9.2123e-02	1.3313e-01
0.1064	8.2895e-02	1.3384e-01	8.6279e-02	1.3384e-01
0.1158	7.6761e-02	1.3185e-01	8.0487e-02	1.3185e-01
0.1252	7.1013e-02	1.2804e-01	7.5014e-02	1.2804e-01
0.1346	6.5639e-02	1.2330e-01	6.9736e-02	1.2330e-01
0.1440	6.0634e-02	1.1807e-01	6.4934e-02	1.1807e-01
0.1534	5.5962e-02	1.1272e-01	6.0093e-02	1.1272e-01
0.1628	5.1638e-02	1.0734e-01	5.5718e-02	1.0734e-01
0.1722	4.7658e-02	1.0206e-01	5.1833e-02	1.0206e-01
0.1816	4.3976e-02	9.7018e-02	4.7952e-02	9.7018e-02
0.1910	4.0554e-02	9.2147e-02	4.4506e-02	9.2147e-02
0.2004	3.7392e-02	8.7453e-02	4.1343e-02	8.7453e-02
0.2098	3.4347e-02	8.2984e-02	3.8333e-02	8.2984e-02
0.2192	3.1544e-02	7.8711e-02	3.5533e-02	7.8711e-02
0.2286	2.8951e-02	7.4657e-02	3.2895e-02	7.4657e-02
0.2380	2.6540e-02	7.0840e-02	3.0405e-02	7.0840e-02
0.2474	2.4290e-02	6.7214e-02	2.8078e-02	6.7214e-02
0.2568	2.2257e-02	6.3765e-02	2.5907e-02	6.3765e-02
0.2662	2.0373e-02	6.0501e-02	2.3893e-02	6.0501e-02
0.2756	1.8599e-02	5.7398e-02	2.2054e-02	5.7398e-02
0.2850	1.7090e-02	5.4420e-02	2.0371e-02	5.4420e-02
0.2944	1.5538e-02	5.1592e-02	1.8701e-02	5.1592e-02
0.3038	1.4333e-02	4.8876e-02	1.7259e-02	4.8876e-02
0.3132	1.3042e-02	4.6273e-02	1.5891e-02	4.6273e-02
0.3226	1.1922e-02	4.3783e-02	1.4625e-02	4.3783e-02
0.3320	1.0866e-02	4.1403e-02	1.3467e-02	4.1403e-02
0.3414	9.9380e-03	3.9122e-02	1.2392e-02	3.9122e-02
0.3508	9.0749e-03	3.6945e-02	1.1401e-02	3.6945e-02
0.3602	8.2949e-03	3.4877e-02	1.0487e-02	3.4877e-02
0.3696	7.5704e-03	3.2912e-02	9.6195e-03	3.2912e-02
0.3790	6.9070e-03	3.1051e-02	8.8616e-03	3.1051e-02
0.3884	6.3079e-03	2.9293e-02	8.1414e-03	2.9293e-02
0.3978	5.7502e-03	2.7633e-02	7.4790e-03	2.7633e-02
0.4072	5.2424e-03	2.6066e-02	6.8688e-03	2.6066e-02
0.4166	4.7792e-03	2.4586e-02	6.3210e-03	2.4586e-02
0.4260	4.3498e-03	2.3188e-02	5.7924e-03	2.3188e-02
0.4354	3.9564e-03	2.1863e-02	5.3245e-03	2.1863e-02
0.4448	3.5927e-03	2.0608e-02	4.8949e-03	2.0608e-02
0.4542	3.2542e-03	1.9401e-02	4.5009e-03	1.9401e-02
0.4636	2.9388e-03	1.8297e-02	4.1501e-03	1.8297e-02
0.4730	2.6437e-03	1.7236e-02	3.8096e-03	1.7236e-02
0.4824	2.3666e-03	1.6233e-02	3.5161e-03	1.6233e-02
0.4918	2.1051e-03	1.5288e-02	3.2399e-03	1.5288e-02
0.5012	1.8572e-03	1.4398e-02	2.9847e-03	1.4398e-02
0.5106	1.6146e-03	1.3560e-02	2.7448e-03	1.3560e-02
0.5200	1.3994e-03	1.2770e-02	2.5146e-03	1.2770e-02
0.5294	1.1910e-03	1.2022e-02	2.2916e-03	1.2022e-02
0.5388	9.9777e-04	1.1321e-02	2.0699e-03	1.1321e-02
0.5482	8.2009e-04	1.0656e-02	1.8576e-03	1.0656e-02
0.5576	6.5973e-04	1.0027e-02	1.6230e-03	1.0027e-02
0.5670	5.1800e-04	9.4340e-03	1.3996e-03	9.4340e-03
0.5764	3.9565e-04	8.8763e-03	1.1807e-03	8.8763e-03
0.5858	2.9533e-04	8.3508e-03	9.7088e-04	8.3508e-03
0.5952	2.1013e-04	7.8579e-03	7.7324e-04	7.8579e-03
0.6046	1.4501e-04	7.3930e-03	6.0087e-04	7.3930e-03
0.6140	9.6330e-05	6.9543e-03	4.4958e-04	6.9543e-03
0.6234	6.1453e-05	6.5404e-03	3.2407e-04	6.5404e-03
0.6328	3.7621e-05	6.1499e-03	2.2426e-04	6.1499e-03
0.6422	2.2108e-05	5.7810e-03	1.4842e-04	5.7810e-03
0.6516	1.2482e-05	5.4317e-03	9.3626e-05	5.4317e-03
0.6610	6.7709e-06	5.1006e-03	5.6170e-05	5.1006e-03
0.6704	3.5334e-06	4.7862e-03	3.2080e-05	4.7862e-03
0.6798	1.7798e-06	4.4872e-03	1.7461e-05	4.4872e-03
0.6892	8.6678e-07	4.2025e-03	9.0887e-06	4.2025e-03
0.6986	4.0647e-07	3.9311e-03	4.5185e-06	3.9311e-03
0.7080	1.8514e-07	3.6718e-03	2.1581e-06	3.6718e-03
0.7174	8.2025e-08	3.4233e-03	9.9409e-07	3.4233e-03
0.7268	3.4973e-08	3.1838e-03	4.3824e-07	3.1838e-03
0.7362	1.4602e-08	2.9552e-03	1.8742e-07	2.9552e-03
0.7456	6.0478e-09	2.7337e-03	7.7592e-08	2.7337e-03
0.7550	2.2982e-09	2.5198e-03	3.0371e-08	2.5198e-03
0.7644	9.1377e-10	2.3128e-03	1.2144e-08	2.3128e-03
0.7738	3.3364e-10	2.1140e-03	4.4328e-09	2.1140e-03
0.7832	1.2142e-10	1.9208e-03	1.6028e-09	1.9208e-03
0.7926	4.4631e-11	1.7327e-03	5.8295e-10	1.7327e-03
0.8020	1.4546e-11	1.5480e-03	1.8645e-10	1.5480e-03
0.8114	5.1434e-12	1.3648e-03	6.4700e-11	1.3648e-03
0.8208	1.6529e-12	1.1829e-03	2.0234e-11	1.1829e-03
0.8302	5.3300e-13	1.0040e-03	6.3403e-12	1.0040e-03
0.8396	1.6663e-13	8.3187e-04	1.9221e-12	8.3187e-04
0.8490	4.8983e-14	6.7118e-04	5.4308e-13	6.7118e-04
0.8584	1.4961e-14	5.2584e-04	1.6038e-13	5.2584e-04
0.8678	3.9125e-15	3.9830e-04	3.9856e-14	3.9830e-04
0.8772	1.1310e-15	2.8959e-04	1.1113e-14	2.8959e-04
0.8866	2.7929e-16	1.9997e-04	2.5801e-15	1.9997e-04
0.8960	7.3756e-17	1.2939e-04	6.4756e-16	1.2939e-04
0.9054	1.7693e-17	7.7249e-05	1.4048e-16	7.7249e-05
0.9148	4.7604e-18	4.1925e-05	3.2875e-17	4.1925e-05
0.9242	1.3260e-18	2.0414e-05	6.5637e-18	2.0414e-05
0.9336	4.9411e-19	8.8444e-06	1.5877e-18	8.8444e-06
0.9430	2.1068e-19	3.4372e-06	4.1371e-19	3.4372e-06
0.9524	9.6759e-20	1.2495e-06	1.4965e-19	1.2495e-06
0.9618	4.0500e-20	4.7361e-07	5.4409e-20	4.7361e-07
0.9712	1.4181e-20	1.9928e-07	1.8150e-20	1.9928e-07
0.9806	3.8463e-21	7.6762e-08	4.7831e-21	7.6762e-08
0.9900	5.3219e-22	1.5677e-08	6.5956e-22	1.5677e-08
