0.0500	4.2069e-03	-2.8198e-03	1.1176e-02	-2.8198e-03
0.0594	1.8605e-02	6.1979e-03	2.0820e-02	6.1979e-03
0.0688	3.5874e-02	1.7773e-02	3.2874e-02	1.7773e-02
0.0782	5.2433e-02	3.2501e-02	4.6575e-02	3.2501e-02
0.0876	6.3448e-02	4.7694e-02	5.9135e-02	4.7694e-02
0.0970	6.8463e-02	5.9951e-02	6.6164e-02	5.9951e-02
0.1064	6.9796e-02	6.7779e-02	6.8994e-02	6.7779e-02
0.1158	6.8913e-02	7.2203e-02	6.8591e-02	7.2203e-02
0.1252	6.7067e-02	7.3782e-02	6.7128e-02	7.3782e-02
0.1346	6.4882e-02	7.3639e-02	6.4988e-02	7.3639e-02
0.1440	6.2443e-02	7.2347e-02	6.2708e-02	7.2347e-02
0.1534	5.9843e-02	7.0553e-02	6.0134e-02	7.0553e-02
0.1628	5.7207e-02	6.8375e-02	5.7553e-02	6.8375e-02
0.1722	5.4597e-02	6.5987e-02	5.5122e-02	6.5987e-02
0.1816	5.2125e-02	6.3638e-02	5.2767e-02	6.3638e-02
0.1910	4.9662e-02	6.1279e-02	5.0239e-02	6.1279e-02
0.2004	4.7351e-02	5.8898e-02	4.7838e-02	5.8898e-02
0.2098	4.5206e-02	5.6605e-02	4.5701e-02	5.6605e-02
0.2192	4.3120e-02	5.4373e-02	4.3561e-02	5.4373e-02
0.2286	4.1116e-02	5.2213e-02	4.1560e-02	5.2213e-02
0.2380	3.9185e-02	5.0167e-02	3.9655e-02	5.0167e-02
0.2474	3.7107e-02	4.8198e-02	3.7836e-02	4.8198e-02
0.2568	3.5416e-02	4.6283e-02	3.6059e-02	4.6283e-02
0.2662	3.3592e-02	4.4437e-02	3.4304e-02	4.4437e-02
0.2756	3.1823e-02	4.2646e-02	3.2617e-02	4.2646e-02
0.2850	3.0100e-02	4.0884e-02	3.0963e-02	4.0884e-02
0.2944	2.8416e-02	3.9179e-02	2.9365e-02	3.9179e-02
0.3038	2.6806e-02	3.7495e-02	2.7791e-02	3.7495e-02
0.3132	2.5236e-02	3.5846e-02	2.6261e-02	3.5846e-02
0.3226	2.3831e-02	3.4230e-02	2.4799e-02	3.4230e-02
0.3320	2.2408e-02	3.2654e-02	2.3407e-02	3.2654e-02
0.3414	2.1097e-02	3.1110e-02	2.2093e-02	3.1110e-02
0.3508	1.9812e-02	2.9600e-02	2.0839e-02	2.9600e-02
0.3602	1.8655e-02	2.8151e-02	1.9654e-02	2.8151e-02
0.3696	1.7494e-02	2.6760e-02	1.8514e-02	2.6760e-02
0.3790	1.6472e-02	2.5431e-02	1.7449e-02	2.5431e-02
0.3884	1.5462e-02	2.4162e-02	1.6450e-02	2.4162e-02
0.3978	1.4516e-02	2.2947e-02	1.5477e-02	2.2947e-02
0.4072	1.3596e-02	2.1782e-02	1.4559e-02	2.1782e-02
0.4166	1.2746e-02	2.0664e-02	1.3682e-02	2.0664e-02
0.4260	1.1944e-02	1.9597e-02	1.2850e-02	1.9597e-02
0.4354	1.1186e-02	1.8583e-02	1.2073e-02	1.8583e-02
0.4448	1.0476e-02	1.7616e-02	1.1335e-02	1.7616e-02
0.4542	9.8128e-03	1.6689e-02	1.0649e-02	1.6689e-02
0.4636	9.1928e-03	1.5798e-02	9.9937e-03	1.5798e-02
0.4730	8.6009e-03	1.4946e-02	9.3872e-03	1.4946e-02
0.4824	8.0483e-03	1.4137e-02	8.8069e-03	1.4137e-02
0.4918	7.5315e-03	1.3371e-02	8.2621e-03	1.3371e-02
0.5012	7.0477e-03	1.2645e-02	7.7436e-03	1.2645e-02
0.5106	6.5941e-03	1.1960e-02	7.2583e-03	1.1960e-02
0.5200	6.1728e-03	1.1311e-02	6.8048e-03	1.1311e-02
0.5294	5.7533e-03	1.0696e-02	6.3771e-03	1.0696e-02
0.5388	5.4038e-03	1.0110e-02	5.9762e-03	1.0110e-02
0.5482	5.0551e-03	9.5550e-03	5.6009e-03	9.5550e-03
0.5576	4.7288e-03	9.0269e-03	5.2474e-03	9.0269e-03
0.5670	4.4211e-03	8.5260e-03	4.9150e-03	8.5260e-03
0.5764	4.1305e-03	8.0534e-03	4.6074e-03	8.0534e-03
0.5858	3.8559e-03	7.6061e-03	4.3154e-03	7.6061e-03
0.5952	3.5953e-03	7.1869e-03	4.0303e-03	7.1869e-03
0.6046	3.3481e-03	6.7902e-03	3.7796e-03	6.7902e-03
0.6140	3.1120e-03	6.4147e-03	3.5339e-03	6.4147e-03
0.6234	2.8870e-03	6.0597e-03	3.3010e-03	6.0597e-03
0.6328	2.6705e-03	5.7243e-03	3.0805e-03	5.7243e-03
0.6422	2.4628e-03	5.4072e-03	2.8727e-03	5.4072e-03
0.6516	2.2623e-03	5.1065e-03	2.6776e-03	5.1065e-03
0.6610	2.0672e-03	4.8210e-03	2.4961e-03	4.8210e-03
0.6704	1.8742e-03	4.5493e-03	2.3283e-03	4.5493e-03
0.6798	1.6875e-03	4.2834e-03	2.1728e-03	4.2834e-03
0.6892	1.4981e-03	4.0433e-03	2.0261e-03	4.0433e-03
0.6986	1.3118e-03	3.8069e-03	1.8818e-03	3.8069e-03
0.7080	1.1266e-03	3.5808e-03	1.7351e-03	3.5808e-03
0.7174	9.4651e-04	3.3639e-03	1.5788e-03	3.3639e-03
0.7268	7.7443e-04	3.1552e-03	1.4093e-03	3.1552e-03
0.7362	6.1459e-04	2.9540e-03	1.2293e-03	2.9540e-03
0.7456	4.7595e-04	2.7591e-03	1.0426e-03	2.7591e-03
0.7550	3.4906e-04	2.5700e-03	8.5585e-04	2.5700e-03
0.7644	2.4824e-04	2.3864e-03	6.7719e-04	2.3864e-03
0.7738	1.6875e-04	2.2094e-03	5.1381e-04	2.2094e-03
0.7832	1.0864e-04	2.0371e-03	3.7261e-04	2.0371e-03
0.7926	6.5658e-05	1.8686e-03	2.5697e-04	1.8686e-03
0.8020	3.6931e-05	1.7011e-03	1.6745e-04	1.7011e-03
0.8114	1.9213e-05	1.5308e-03	1.0176e-04	1.5308e-03
0.8208	9.2875e-06	1.3552e-03	5.6874e-05	1.3552e-03
0.8302	4.1570e-06	1.1749e-03	2.9031e-05	1.1749e-03
0.8396	1.7700e-06	9.9404e-04	1.3472e-05	9.9404e-04
0.8490	6.9468e-07	8.1887e-04	5.6671e-06	8.1887e-04
0.8584	2.6384e-07	6.5555e-04	2.2050e-06	6.5555e-04
0.8678	9.1859e-08	5.0834e-04	7.7432e-07	5.0834e-04
0.8772	3.1562e-08	3.7937e-04	2.6048e-07	3.7937e-04
0.8866	1.0052e-08	2.6965e-04	7.9903e-08	2.6965e-04
0.8960	3.1569e-09	1.7993e-04	2.4166e-08	1.7993e-04
0.9054	9.4009e-10	1.1086e-04	6.7113e-09	1.1086e-04
0.9148	2.6604e-10	6.2045e-05	1.7870e-09	6.2045e-05
0.9242	6.8804e-11	3.1066e-05	4.2551e-10	3.1066e-05
0.9336	1.6429e-11	1.3778e-05	9.4299e-11	1.3778e-05
0.9430	3.6250e-12	5.4411e-06	1.8679e-11	5.4411e-06
0.9524	7.2787e-13	1.9788e-06	3.4420e-12	1.9788e-06
0.9618	1.2684e-13	7.3860e-07	5.0791e-13	7.3860e-07
0.9712	2.2005e-14	3.1481e-07	8.0457e-14	3.1481e-07
0.9806	2.4912e-15	1.2805e-07	6.5322e-15	1.2805e-07
0.9900	3.5668e-16	2.6673e-08	9.3564e-16	2.6673e-08
