0.0500	3.7080e-02	-2.8198e-03	3.6167e-02	-2.8198e-03
0.0594	4.9555e-02	6.1979e-03	4.3095e-02	6.1979e-03
0.0688	5.3987e-02	1.7773e-02	5.1527e-02	1.7773e-02
0.0782	5.3673e-02	3.2501e-02	5.4549e-02	3.2501e-02
0.0876	5.1515e-02	4.7694e-02	5.7218e-02	4.7694e-02
0.0970	4.8838e-02	5.9951e-02	5.1786e-02	5.9951e-02
0.1064	4.5958e-02	6.7779e-02	4.9413e-02	6.7779e-02
0.1158	4.2944e-02	7.2203e-02	4.6875e-02	7.2203e-02
0.1252	4.0209e-02	7.3782e-02	4.4328e-02	7.3782e-02
0.1346	3.7437e-02	7.3639e-02	4.1699e-02	7.3639e-02
0.1440	3.4907e-02	7.2347e-02	3.9138e-02	7.2347e-02
0.1534	3.2573e-02	7.0553e-02	3.6760e-02	7.0553e-02
0.1628	3.0352e-02	6.8375e-02	3.4618e-02	6.8375e-02
0.1722	2.8173e-02	6.5987e-02	3.2911e-02	6.5987e-02
0.1816	2.6168e-02	6.3638e-02	3.0995e-02	6.3638e-02
0.1910	2.4211e-02	6.1279e-02	2.9283e-02	6.1279e-02
0.2004	2.2330e-02	5.8898e-02	2.7665e-02	5.8898e-02
0.2098	2.0542e-02	5.6605e-02	2.6024e-02	5.6605e-02
0.2192	1.8876e-02	5.4373e-02	2.4389e-02	5.4373e-02
0.2286	1.7319e-02	5.2213e-02	2.2763e-02	5.2213e-02
0.2380	1.5879e-02	5.0167e-02	2.1192e-02	5.0167e-02
0.2474	1.4530e-02	4.8198e-02	1.9771e-02	4.8198e-02
0.2568	1.3268e-02	4.6283e-02	1.8494e-02	4.6283e-02
0.2662	1.2140e-02	4.4437e-02	1.7249e-02	4.4437e-02
0.2756	1.1088e-02	4.2646e-02	1.6022e-02	4.2646e-02
0.2850	1.0100e-02	4.0884e-02	1.4786e-02	4.0884e-02
0.2944	9.2159e-03	3.9179e-02	1.3813e-02	3.9179e-02
0.3038	8.3952e-03	3.7495e-02	1.2803e-02	3.7495e-02
0.3132	7.6425e-03	3.5846e-02	1.1844e-02	3.5846e-02
0.3226	6.9587e-03	3.4230e-02	1.0945e-02	3.4230e-02
0.3320	6.3320e-03	3.2654e-02	1.0111e-02	3.2654e-02
0.3414	5.7636e-03	3.1110e-02	9.3306e-03	3.1110e-02
0.3508	5.2403e-03	2.9600e-02	8.5518e-03	2.9600e-02
0.3602	4.7648e-03	2.8151e-02	7.9099e-03	2.8151e-02
0.3696	4.3297e-03	2.6760e-02	7.2895e-03	2.6760e-02
0.3790	3.9336e-03	2.5431e-02	6.7054e-03	2.5431e-02
0.3884	3.5745e-03	2.4162e-02	6.1762e-03	2.4162e-02
0.3978	3.2422e-03	2.2947e-02	5.7026e-03	2.2947e-02
0.4072	2.9356e-03	2.1782e-02	5.2776e-03	2.1782e-02
0.4166	2.6505e-03	2.0664e-02	4.9028e-03	2.0664e-02
0.4260	2.3841e-03	1.9597e-02	4.5779e-03	1.9597e-02
0.4354	2.1344e-03	1.8583e-02	4.3054e-03	1.8583e-02
0.4448	1.8968e-03	1.7616e-02	4.0714e-03	1.7616e-02
0.4542	1.6717e-03	1.6689e-02	3.8728e-03	1.6689e-02
0.4636	1.4552e-03	1.5798e-02	3.6958e-03	1.5798e-02
0.4730	1.2505e-03	1.4946e-02	3.5261e-03	1.4946e-02
0.4824	1.0576e-03	1.4137e-02	3.3436e-03	1.4137e-02
0.4918	8.7216e-04	1.3371e-02	3.1253e-03	1.3371e-02
0.5012	7.0558e-04	1.2645e-02	2.8888e-03	1.2645e-02
0.5106	5.5451e-04	1.1960e-02	2.5874e-03	1.1960e-02
0.5200	4.2595e-04	1.1311e-02	2.2827e-03	1.1311e-02
0.5294	3.1580e-04	1.0696e-02	1.9430e-03	1.0696e-02
0.5388	2.2607e-04	1.0110e-02	1.5994e-03	1.0110e-02
0.5482	1.5574e-04	9.5550e-03	1.2703e-03	9.5550e-03
0.5576	1.0300e-04	9.0269e-03	9.7073e-04	9.0269e-03
0.5670	6.5321e-05	8.5260e-03	7.1263e-04	8.5260e-03
0.5764	3.9708e-05	8.0534e-03	5.0143e-04	8.0534e-03
0.5858	2.3276e-05	7.6061e-03	3.3705e-04	7.6061e-03
0.5952	1.2964e-05	7.1869e-03	2.1570e-04	7.1869e-03
0.6046	6.9798e-06	6.7902e-03	1.3107e-04	6.7902e-03
0.6140	3.6223e-06	6.4147e-03	7.5677e-05	6.4147e-03
0.6234	1.8133e-06	6.0597e-03	4.1631e-05	6.0597e-03
0.6328	8.7569e-07	5.7243e-03	2.1865e-05	5.7243e-03
0.6422	4.1029e-07	5.4072e-03	1.1005e-05	5.4072e-03
0.6516	1.8679e-07	5.1065e-03	5.3333e-06	5.1065e-03
0.6610	8.2531e-08	4.8210e-03	2.4868e-06	4.8210e-03
0.6704	3.5240e-08	4.5493e-03	1.1160e-06	4.5493e-03
0.6798	1.4817e-08	4.2834e-03	4.8646e-07	4.2834e-03
0.6892	6.0278e-09	4.0433e-03	2.0571e-07	4.0433e-03
0.6986	2.4006e-09	3.8069e-03	8.3554e-08	3.8069e-03
0.7080	9.2154e-10	3.5808e-03	3.3178e-08	3.5808e-03
0.7174	3.4185e-10	3.3639e-03	1.2874e-08	3.3639e-03
0.7268	1.2634e-10	3.1552e-03	4.6940e-09	3.1552e-03
0.7362	4.7053e-11	2.9540e-03	1.7583e-09	2.9540e-03
0.7456	1.7122e-11	2.7591e-03	6.4100e-10	2.7591e-03
0.7550	5.8204e-12	2.5700e-03	2.1719e-10	2.5700e-03
0.7644	2.0018e-12	2.3864e-03	7.4084e-11	2.3864e-03
0.7738	6.4018e-13	2.2094e-03	2.3362e-11	2.2094e-03
0.7832	2.0812e-13	2.0371e-03	7.4590e-12	2.0371e-03
0.7926	6.9482e-14	1.8686e-03	2.4416e-12	1.8686e-03
0.8020	1.9991e-14	1.7011e-03	6.8084e-13	1.7011e-03
0.8114	6.4585e-15	1.5308e-03	2.1418e-13	1.5308e-03
0.8208	1.8709e-15	1.3552e-03	5.9682e-14	1.3552e-03
0.8302	5.4660e-16	1.1749e-03	1.6760e-14	1.1749e-03
0.8396	1.5887e-16	9.9404e-04	4.6543e-15	9.9404e-04
0.8490	4.2728e-17	8.1887e-04	1.1647e-15	8.1887e-04
0.8584	1.2890e-17	6.5555e-04	3.1953e-16	6.5555e-04
0.8678	3.5996e-18	5.0834e-04	7.0711e-17	5.0834e-04
0.8772	1.3618e-18	3.7937e-04	1.8977e-17	3.7937e-04
0.8866	5.7340e-19	2.6965e-04	4.2498e-18	2.6965e-04
0.8960	2.9181e-19	1.7993e-04	1.2665e-18	1.7993e-04
0.9054	1.4804e-19	1.1086e-04	4.1952e-19	1.1086e-04
0.9148	7.2997e-20	6.2045e-05	1.8786e-19	6.2045e-05
0.9242	3.4304e-20	3.1066e-05	8.7062e-20	3.1066e-05
0.9336	1.5318e-20	1.3778e-05	4.0755e-20	1.3778e-05
0.9430	6.8677e-21	5.4411e-06	1.8428e-20	5.4411e-06
0.9524	2.9613e-21	1.9788e-06	7.8352e-21	1.9788e-06
0.9618	1.2432e-21	7.3860e-07	3.2581e-21	7.3860e-07
0.9712	4.5404e-22	3.1481e-07	1.1821e-21	3.1481e-07
0.9806	1.2867e-22	1.2805e-07	3.3358e-22	1.2805e-07
0.9900	1.8098e-23	2.6673e-08	4.6893e-23	2.6673e-08
