0.0500	3.4204e-02	-2.8198e-03	9.4403e-02	-2.8198e-03
0.0594	3.2506e-02	6.1979e-03	6.7064e-02	6.1979e-03
0.0688	2.9999e-02	1.7773e-02	5.2234e-02	1.7773e-02
0.0782	2.7433e-02	3.2501e-02	4.3975e-02	3.2501e-02
0.0876	2.4900e-02	4.7694e-02	3.8509e-02	4.7694e-02
0.0970	2.2594e-02	5.9951e-02	3.4452e-02	5.9951e-02
0.1064	2.0467e-02	6.7779e-02	3.1232e-02	6.7779e-02
0.1158	1.8533e-02	7.2203e-02	2.8438e-02	7.2203e-02
0.1252	1.6711e-02	7.3782e-02	2.6334e-02	7.3782e-02
0.1346	1.4968e-02	7.3639e-02	2.4477e-02	7.3639e-02
0.1440	1.3375e-02	7.2347e-02	2.2693e-02	7.2347e-02
0.1534	1.1891e-02	7.0553e-02	2.0941e-02	7.0553e-02
0.1628	1.0524e-02	6.8375e-02	1.9221e-02	6.8375e-02
0.1722	9.3216e-03	6.5987e-02	1.7590e-02	6.5987e-02
0.1816	8.2310e-03	6.3638e-02	1.6140e-02	6.3638e-02
0.1910	7.2587e-03	6.1279e-02	1.4675e-02	6.1279e-02
0.2004	6.3847e-03	5.8898e-02	1.3398e-02	5.8898e-02
0.2098	5.6098e-03	5.6605e-02	1.2141e-02	5.6605e-02
0.2192	4.9240e-03	5.4373e-02	1.0998e-02	5.4373e-02
0.2286	4.3195e-03	5.2213e-02	9.9380e-03	5.2213e-02
0.2380	3.7866e-03	5.0167e-02	8.9585e-03	5.0167e-02
0.2474	3.3187e-03	4.8198e-02	8.0454e-03	4.8198e-02
0.2568	2.9069e-03	4.6283e-02	7.2167e-03	4.6283e-02
0.2662	2.5448e-03	4.4437e-02	6.4675e-03	4.4437e-02
0.2756	2.2234e-03	4.2646e-02	5.8108e-03	4.2646e-02
0.2850	1.9372e-03	4.0884e-02	5.2251e-03	4.0884e-02
0.2944	1.6833e-03	3.9179e-02	4.7265e-03	3.9179e-02
0.3038	1.4512e-03	3.7495e-02	4.3452e-03	3.7495e-02
0.3132	1.2382e-03	3.5846e-02	4.0496e-03	3.5846e-02
0.3226	1.0405e-03	3.4230e-02	3.8132e-03	3.4230e-02
0.3320	8.5666e-04	3.2654e-02	3.6139e-03	3.2654e-02
0.3414	6.8867e-04	3.1110e-02	3.3983e-03	3.1110e-02
0.3508	5.3589e-04	2.9600e-02	3.1385e-03	2.9600e-02
0.3602	4.0362e-04	2.8151e-02	2.8174e-03	2.8151e-02
0.3696	2.9256e-04	2.6760e-02	2.4294e-03	2.6760e-02
0.3790	2.0359e-04	2.5431e-02	2.0091e-03	2.5431e-02
0.3884	1.3514e-04	2.4162e-02	1.5877e-03	2.4162e-02
0.3978	8.5577e-05	2.2947e-02	1.1931e-03	2.2947e-02
0.4072	5.1940e-05	2.1782e-02	8.5423e-04	2.1782e-02
0.4166	3.0164e-05	2.0664e-02	5.8085e-04	2.0664e-02
0.4260	1.6793e-05	1.9597e-02	3.7550e-04	1.9597e-02
0.4354	8.9887e-06	1.8583e-02	2.2984e-04	1.8583e-02
0.4448	4.6348e-06	1.7616e-02	1.3376e-04	1.7616e-02
0.4542	2.3094e-06	1.6689e-02	7.4285e-05	1.6689e-02
0.4636	1.1145e-06	1.5798e-02	3.9476e-05	1.5798e-02
0.4730	5.2209e-07	1.4946e-02	2.0245e-05	1.4946e-02
0.4824	2.3783e-07	1.4137e-02	9.9995e-06	1.4137e-02
0.4918	1.0556e-07	1.3371e-02	4.7780e-06	1.3371e-02
0.5012	4.5739e-08	1.2645e-02	2.2141e-06	1.2645e-02
0.5106	1.9358e-08	1.1960e-02	9.9694e-07	1.1960e-02
0.5200	8.2865e-09	1.1311e-02	4.3704e-07	1.1311e-02
0.5294	3.2908e-09	1.0696e-02	1.8811e-07	1.0696e-02
0.5388	1.3252e-09	1.0110e-02	7.8084e-08	1.0110e-02
0.5482	5.0652e-10	9.5550e-03	3.1929e-08	9.5550e-03
0.5576	2.0298e-10	9.0269e-03	1.2735e-08	9.0269e-03
0.5670	7.0719e-11	8.5260e-03	5.0995e-09	8.5260e-03
0.5764	2.7213e-11	8.0534e-03	1.8824e-09	8.0534e-03
0.5858	1.0267e-11	7.6061e-03	7.3057e-10	7.6061e-03
0.5952	3.6911e-12	7.1869e-03	2.6922e-10	7.1869e-03
0.6046	1.2881e-12	6.7902e-03	9.5812e-11	6.7902e-03
0.6140	4.6776e-13	6.4147e-03	3.5397e-11	6.4147e-03
0.6234	1.7761e-13	6.0597e-03	1.2884e-11	6.0597e-03
0.6328	5.4579e-14	5.7243e-03	4.2371e-12	5.7243e-03
0.6422	1.9581e-14	5.4072e-03	1.5310e-12	5.4072e-03
0.6516	6.3587e-15	5.1065e-03	4.9971e-13	5.1065e-03
0.6610	2.1442e-15	4.8210e-03	1.6867e-13	4.8210e-03
0.6704	7.0762e-16	4.5493e-03	5.5337e-14	4.5493e-03
0.6798	2.2687e-16	4.2834e-03	1.7386e-14	4.2834e-03
0.6892	7.8064e-17	4.0433e-03	5.7077e-15	4.0433e-03
0.6986	2.7396e-17	3.8069e-03	1.7904e-15	3.8069e-03
0.7080	1.0652e-17	3.5808e-03	5.4930e-16	3.5808e-03
0.7174	4.8518e-18	3.3639e-03	1.6395e-16	3.3639e-03
0.7268	2.6996e-18	3.1552e-03	5.0264e-17	3.1552e-03
0.7362	1.5639e-18	2.9540e-03	1.7080e-17	2.9540e-03
0.7456	9.8128e-19	2.7591e-03	6.3039e-18	2.7591e-03
0.7550	5.8041e-19	2.5700e-03	2.6353e-18	2.5700e-03
0.7644	3.3043e-19	2.3864e-03	1.3598e-18	2.3864e-03
0.7738	1.8196e-19	2.2094e-03	7.6239e-19	2.2094e-03
0.7832	9.6712e-20	2.0371e-03	4.3726e-19	2.0371e-03
0.7926	5.0322e-20	1.8686e-03	2.4202e-19	1.8686e-03
0.8020	2.5082e-20	1.7011e-03	1.2640e-19	1.7011e-03
0.8114	1.2494e-20	1.5308e-03	6.3819e-20	1.5308e-03
0.8208	6.0295e-21	1.3552e-03	3.0929e-20	1.3552e-03
0.8302	2.8495e-21	1.1749e-03	1.4557e-20	1.1749e-03
0.8396	1.3158e-21	9.9404e-04	6.6625e-21	9.9404e-04
0.8490	6.0247e-22	8.1887e-04	2.9928e-21	8.1887e-04
0.8584	2.7641e-22	6.5555e-04	1.3240e-21	6.5555e-04
0.8678	1.2465e-22	5.0834e-04	5.6406e-22	5.0834e-04
0.8772	5.8479e-23	3.7937e-04	2.4705e-22	3.7937e-04
0.8866	2.7347e-23	2.6965e-04	1.0698e-22	2.6965e-04
0.8960	1.3258e-23	1.7993e-04	4.8475e-23	1.7993e-04
0.9054	6.8014e-24	1.1086e-04	2.3642e-23	1.1086e-04
0.9148	3.5639e-24	6.2045e-05	1.1981e-23	6.2045e-05
0.9242	1.9049e-24	3.1066e-05	6.2611e-24	3.1066e-05
0.9336	1.0167e-24	1.3778e-05	3.2978e-24	1.3778e-05
0.9430	5.3758e-25	5.4411e-06	1.7311e-24	5.4411e-06
0.9524	2.7084e-25	1.9788e-06	8.6891e-25	1.9788e-06
0.9618	1.2670e-25	7.3860e-07	4.0567e-25	7.3860e-07
0.9712	5.0098e-26	3.1481e-07	1.6019e-25	3.1481e-07
0.9806	1.4938e-26	1.2805e-07	4.7680e-26	1.2805e-07
0.9900	2.1366e-27	2.6673e-08	6.8167e-27	2.6673e-08
