0.0500	2.0902e-03	-6.4068e-03	9.9100e-03	-6.4068e-03
0.0594	1.1653e-02	2.3164e-03	1.6984e-02	2.3164e-03
0.0688	2.2298e-02	1.2487e-02	2.5866e-02	1.2487e-02
0.0782	3.3240e-02	2.4100e-02	3.5366e-02	2.4100e-02
0.0876	4.2513e-02	3.5605e-02	4.3579e-02	3.5605e-02
0.0970	4.8283e-02	4.5304e-02	4.8822e-02	4.5304e-02
0.1064	5.0925e-02	5.1609e-02	5.1148e-02	5.1609e-02
0.1158	5.1505e-02	5.4908e-02	5.1606e-02	5.4908e-02
0.1252	5.0863e-02	5.6275e-02	5.1020e-02	5.6275e-02
0.1346	4.9514e-02	5.6205e-02	4.9767e-02	5.6205e-02
0.1440	4.7945e-02	5.5329e-02	4.8281e-02	5.5329e-02
0.1534	4.6187e-02	5.3978e-02	4.6511e-02	5.3978e-02
0.1628	4.4299e-02	5.2414e-02	4.4685e-02	5.2414e-02
0.1722	4.2351e-02	5.0661e-02	4.2894e-02	5.0661e-02
0.1816	4.0660e-02	4.8834e-02	4.0994e-02	4.8834e-02
0.1910	3.8841e-02	4.7058e-02	3.9114e-02	4.7058e-02
0.2004	3.7180e-02	4.5293e-02	3.7490e-02	4.5293e-02
0.2098	3.5548e-02	4.3540e-02	3.5847e-02	4.3540e-02
0.2192	3.3992e-02	4.1878e-02	3.4248e-02	4.1878e-02
0.2286	3.2504e-02	4.0281e-02	3.2762e-02	4.0281e-02
0.2380	3.1082e-02	3.8739e-02	3.1351e-02	3.8739e-02
0.2474	2.9735e-02	3.7246e-02	2.9941e-02	3.7246e-02
0.2568	2.8278e-02	3.5811e-02	2.8568e-02	3.5811e-02
0.2662	2.7063e-02	3.4419e-02	2.7276e-02	3.4419e-02
0.2756	2.5787e-02	3.3067e-02	2.6022e-02	3.3067e-02
0.2850	2.4532e-02	3.1745e-02	2.4738e-02	3.1745e-02
0.2944	2.3301e-02	3.0445e-02	2.3421e-02	3.0445e-02
0.3038	2.2154e-02	2.9167e-02	2.2352e-02	2.9167e-02
0.3132	2.0992e-02	2.7909e-02	2.1194e-02	2.7909e-02
0.3226	1.9897e-02	2.6676e-02	2.0104e-02	2.6676e-02
0.3320	1.8806e-02	2.5473e-02	1.9022e-02	2.5473e-02
0.3414	1.7804e-02	2.4302e-02	1.8071e-02	2.4302e-02
0.3508	1.6808e-02	2.3161e-02	1.7037e-02	2.3161e-02
0.3602	1.5922e-02	2.2053e-02	1.6154e-02	2.2053e-02
0.3696	1.5031e-02	2.0980e-02	1.5272e-02	2.0980e-02
0.3790	1.4194e-02	1.9951e-02	1.4434e-02	1.9951e-02
0.3884	1.3395e-02	1.8971e-02	1.3629e-02	1.8971e-02
0.3978	1.2635e-02	1.8036e-02	1.2865e-02	1.8036e-02
0.4072	1.1909e-02	1.7140e-02	1.2138e-02	1.7140e-02
0.4166	1.1225e-02	1.6280e-02	1.1454e-02	1.6280e-02
0.4260	1.0577e-02	1.5453e-02	1.0808e-02	1.5453e-02
0.4354	9.9601e-03	1.4658e-02	1.0191e-02	1.4658e-02
0.4448	9.3703e-03	1.3896e-02	9.6018e-03	1.3896e-02
0.4542	8.8108e-03	1.3171e-02	9.0334e-03	1.3171e-02
0.4636	8.2858e-03	1.2488e-02	8.5002e-03	1.2488e-02
0.4730	7.7913e-03	1.1833e-02	8.0087e-03	1.1833e-02
0.4824	7.3195e-03	1.1203e-02	7.5446e-03	1.1203e-02
0.4918	6.8852e-03	1.0595e-02	7.0995e-03	1.0595e-02
0.5012	6.4721e-03	1.0020e-02	6.6812e-03	1.0020e-02
0.5106	6.0787e-03	9.4757e-03	6.2820e-03	9.4757e-03
0.5200	5.7095e-03	8.9602e-03	5.9260e-03	8.9602e-03
0.5294	5.3595e-03	8.4720e-03	5.5517e-03	8.4720e-03
0.5388	5.0305e-03	8.0105e-03	5.2159e-03	8.0105e-03
0.5482	4.7209e-03	7.5738e-03	4.9020e-03	7.5738e-03
0.5576	4.4303e-03	7.1583e-03	4.6120e-03	7.1583e-03
0.5670	4.1569e-03	6.7621e-03	4.3296e-03	6.7621e-03
0.5764	3.8936e-03	6.3856e-03	4.0618e-03	6.3856e-03
0.5858	3.6583e-03	6.0292e-03	3.8212e-03	6.0292e-03
0.5952	3.4269e-03	5.6912e-03	3.5842e-03	5.6912e-03
0.6046	3.2094e-03	5.3717e-03	3.3617e-03	5.3717e-03
0.6140	3.0095e-03	5.0690e-03	3.1552e-03	5.0690e-03
0.6234	2.8140e-03	4.7839e-03	2.9539e-03	4.7839e-03
0.6328	2.6312e-03	4.5140e-03	2.7671e-03	4.5140e-03
0.6422	2.4581e-03	4.2575e-03	2.5886e-03	4.2575e-03
0.6516	2.2931e-03	4.0140e-03	2.4188e-03	4.0140e-03
0.6610	2.1364e-03	3.7833e-03	2.2570e-03	3.7833e-03
0.6704	1.9865e-03	3.5646e-03	2.1037e-03	3.5646e-03
0.6798	1.8450e-03	3.3563e-03	1.9573e-03	3.3563e-03
0.6892	1.7086e-03	3.1594e-03	1.8187e-03	3.1594e-03
0.6986	1.5796e-03	2.9706e-03	1.6852e-03	2.9706e-03
0.7080	1.4548e-03	2.7909e-03	1.5577e-03	2.7909e-03
0.7174	1.3349e-03	2.6190e-03	1.4351e-03	2.6190e-03
0.7268	1.2209e-03	2.4542e-03	1.3173e-03	2.4542e-03
0.7362	1.1069e-03	2.2972e-03	1.2047e-03	2.2972e-03
0.7456	1.0054e-03	2.1468e-03	1.0979e-03	2.1468e-03
0.7550	9.0320e-04	2.0025e-03	9.9498e-04	2.0025e-03
0.7644	8.0487e-04	1.8641e-03	8.9539e-04	1.8641e-03
0.7738	7.0893e-04	1.7310e-03	7.9863e-04	1.7310e-03
0.7832	6.1275e-04	1.6029e-03	7.0199e-04	1.6029e-03
0.7926	5.1740e-04	1.4796e-03	6.0623e-04	1.4796e-03
0.8020	4.2513e-04	1.3607e-03	5.1339e-04	1.3607e-03
0.8114	3.3905e-04	1.2462e-03	4.2649e-04	1.2462e-03
0.8208	2.6177e-04	1.1363e-03	3.4830e-04	1.1363e-03
0.8302	1.9481e-04	1.0309e-03	2.8159e-04	1.0309e-03
0.8396	1.3837e-04	9.2917e-04	2.2641e-04	9.2917e-04
0.8490	9.2558e-05	8.2987e-04	1.8638e-04	8.2987e-04
0.8584	5.7060e-05	7.3049e-04	1.6086e-04	7.3049e-04
0.8678	3.1399e-05	6.2990e-04	1.4576e-04	6.2990e-04
0.8772	1.4758e-05	5.2976e-04	1.3519e-04	5.2976e-04
0.8866	5.6845e-06	4.3382e-04	1.2471e-04	4.3382e-04
0.8960	1.7640e-06	3.4593e-04	1.1351e-04	3.4593e-04
0.9054	4.4770e-07	2.6828e-04	1.0177e-04	2.6828e-04
0.9148	9.3875e-08	2.0157e-04	8.9603e-05	2.0157e-04
0.9242	1.6270e-08	1.4523e-04	7.8684e-05	1.4523e-04
0.9336	2.2773e-09	9.8004e-05	6.8069e-05	9.8004e-05
0.9430	2.6406e-10	5.9715e-05	5.5311e-05	5.9715e-05
0.9524	2.4975e-11	3.1323e-05	3.9243e-05	3.1323e-05
0.9618	1.8325e-12	1.3391e-05	2.2564e-05	1.3391e-05
0.9712	9.6130e-14	4.3770e-06	9.7502e-06	4.3770e-06
0.9806	3.2085e-15	9.9830e-07	2.8742e-06	9.9830e-07
0.9900	5.1217e-17	1.2178e-07	4.4045e-07	1.2178e-07
