0.0500	5.3998e-03	-6.4068e-03	2.3819e-02	-6.4068e-03
0.0594	1.6397e-02	2.3164e-03	2.8950e-02	2.3164e-03
0.0688	2.8273e-02	1.2487e-02	3.6635e-02	1.2487e-02
0.0782	3.8763e-02	2.4100e-02	4.3761e-02	2.4100e-02
0.0876	4.5408e-02	3.5605e-02	4.7936e-02	3.5605e-02
0.0970	4.8234e-02	4.5304e-02	4.9500e-02	4.5304e-02
0.1064	4.8851e-02	5.1609e-02	4.9396e-02	5.1609e-02
0.1158	4.8076e-02	5.4908e-02	4.8302e-02	5.4908e-02
0.1252	4.6666e-02	5.6275e-02	4.7055e-02	5.6275e-02
0.1346	4.4969e-02	5.6205e-02	4.5561e-02	5.6205e-02
0.1440	4.3141e-02	5.5329e-02	4.3865e-02	5.5329e-02
0.1534	4.1124e-02	5.3978e-02	4.1918e-02	5.3978e-02
0.1628	3.9257e-02	5.2414e-02	4.0104e-02	5.2414e-02
0.1722	3.7438e-02	5.0661e-02	3.8256e-02	5.0661e-02
0.1816	3.5616e-02	4.8834e-02	3.6355e-02	4.8834e-02
0.1910	3.3916e-02	4.7058e-02	3.4588e-02	4.7058e-02
0.2004	3.2320e-02	4.5293e-02	3.3004e-02	4.5293e-02
0.2098	3.0780e-02	4.3540e-02	3.1410e-02	4.3540e-02
0.2192	2.9284e-02	4.1878e-02	2.9848e-02	4.1878e-02
0.2286	2.7870e-02	4.0281e-02	2.8438e-02	4.0281e-02
0.2380	2.6493e-02	3.8739e-02	2.7015e-02	3.8739e-02
0.2474	2.5157e-02	3.7246e-02	2.5608e-02	3.7246e-02
0.2568	2.3845e-02	3.5811e-02	2.4291e-02	3.5811e-02
0.2662	2.2569e-02	3.4419e-02	2.3024e-02	3.4419e-02
0.2756	2.1336e-02	3.3067e-02	2.1776e-02	3.3067e-02
0.2850	2.0154e-02	3.1745e-02	2.0587e-02	3.1745e-02
0.2944	1.8952e-02	3.0445e-02	1.9379e-02	3.0445e-02
0.3038	1.7906e-02	2.9167e-02	1.8337e-02	2.9167e-02
0.3132	1.6823e-02	2.7909e-02	1.7259e-02	2.7909e-02
0.3226	1.5817e-02	2.6676e-02	1.6271e-02	2.6676e-02
0.3320	1.4862e-02	2.5473e-02	1.5331e-02	2.5473e-02
0.3414	1.3987e-02	2.4302e-02	1.4464e-02	2.4302e-02
0.3508	1.3130e-02	2.3161e-02	1.3634e-02	2.3161e-02
0.3602	1.2324e-02	2.2053e-02	1.2843e-02	2.2053e-02
0.3696	1.1540e-02	2.0980e-02	1.2067e-02	2.0980e-02
0.3790	1.0855e-02	1.9951e-02	1.1360e-02	1.9951e-02
0.3884	1.0140e-02	1.8971e-02	1.0653e-02	1.8971e-02
0.3978	9.5304e-03	1.8036e-02	1.0024e-02	1.8036e-02
0.4072	8.8910e-03	1.7140e-02	9.4019e-03	1.7140e-02
0.4166	8.3288e-03	1.6280e-02	8.8270e-03	1.6280e-02
0.4260	7.7762e-03	1.5453e-02	8.2793e-03	1.5453e-02
0.4354	7.2728e-03	1.4658e-02	7.7567e-03	1.4658e-02
0.4448	6.8027e-03	1.3896e-02	7.3019e-03	1.3896e-02
0.4542	6.3466e-03	1.3171e-02	6.8320e-03	1.3171e-02
0.4636	5.9364e-03	1.2488e-02	6.4112e-03	1.2488e-02
0.4730	5.5419e-03	1.1833e-02	6.0249e-03	1.1833e-02
0.4824	5.1772e-03	1.1203e-02	5.6593e-03	1.1203e-02
0.4918	4.8314e-03	1.0595e-02	5.3132e-03	1.0595e-02
0.5012	4.5026e-03	1.0020e-02	4.9727e-03	1.0020e-02
0.5106	4.2056e-03	9.4757e-03	4.6558e-03	9.4757e-03
0.5200	3.9230e-03	8.9602e-03	4.3645e-03	8.9602e-03
0.5294	3.6598e-03	8.4720e-03	4.0852e-03	8.4720e-03
0.5388	3.4101e-03	8.0105e-03	3.8203e-03	8.0105e-03
0.5482	3.1773e-03	7.5738e-03	3.5764e-03	7.5738e-03
0.5576	2.9521e-03	7.1583e-03	3.3417e-03	7.1583e-03
0.5670	2.7532e-03	6.7621e-03	3.1398e-03	6.7621e-03
0.5764	2.5577e-03	6.3856e-03	2.9304e-03	6.3856e-03
0.5858	2.3776e-03	6.0292e-03	2.7386e-03	6.0292e-03
0.5952	2.2059e-03	5.6912e-03	2.5567e-03	5.6912e-03
0.6046	2.0418e-03	5.3717e-03	2.3796e-03	5.3717e-03
0.6140	1.8902e-03	5.0690e-03	2.2104e-03	5.0690e-03
0.6234	1.7369e-03	4.7839e-03	2.0469e-03	4.7839e-03
0.6328	1.5998e-03	4.5140e-03	1.8986e-03	4.5140e-03
0.6422	1.4665e-03	4.2575e-03	1.7559e-03	4.2575e-03
0.6516	1.3404e-03	4.0140e-03	1.6166e-03	4.0140e-03
0.6610	1.2170e-03	3.7833e-03	1.4858e-03	3.7833e-03
0.6704	1.1013e-03	3.5646e-03	1.3595e-03	3.5646e-03
0.6798	9.9062e-04	3.3563e-03	1.2395e-03	3.3563e-03
0.6892	8.8389e-04	3.1594e-03	1.1284e-03	3.1594e-03
0.6986	7.8099e-04	2.9706e-03	1.0153e-03	2.9706e-03
0.7080	6.7935e-04	2.7909e-03	9.0793e-04	2.7909e-03
0.7174	5.8140e-04	2.6190e-03	8.0436e-04	2.6190e-03
0.7268	4.8504e-04	2.4542e-03	7.0315e-04	2.4542e-03
0.7362	3.9285e-04	2.2972e-03	6.0566e-04	2.2972e-03
0.7456	3.0692e-04	2.1468e-03	5.1503e-04	2.1468e-03
0.7550	2.3197e-04	2.0025e-03	4.3609e-04	2.0025e-03
0.7644	1.6762e-04	1.8641e-03	3.6881e-04	1.8641e-03
0.7738	1.1460e-04	1.7310e-03	3.1416e-04	1.7310e-03
0.7832	7.3619e-05	1.6029e-03	2.7213e-04	1.6029e-03
0.7926	4.3463e-05	1.4796e-03	2.4111e-04	1.4796e-03
0.8020	2.2890e-05	1.3607e-03	2.1925e-04	1.3607e-03
0.8114	1.0265e-05	1.2462e-03	2.0512e-04	1.2462e-03
0.8208	3.9578e-06	1.1363e-03	1.9680e-04	1.1363e-03
0.8302	1.3096e-06	1.0309e-03	1.9345e-04	1.0309e-03
0.8396	3.8659e-07	9.2917e-04	1.9652e-04	9.2917e-04
0.8490	9.6985e-08	8.2987e-04	2.0931e-04	8.2987e-04
0.8584	2.1676e-08	7.3049e-04	2.3167e-04	7.3049e-04
0.8678	4.2373e-09	6.2990e-04	2.5533e-04	6.2990e-04
0.8772	7.4949e-10	5.2976e-04	2.6855e-04	5.2976e-04
0.8866	1.1907e-10	4.3382e-04	2.6590e-04	4.3382e-04
0.8960	1.6296e-11	3.4593e-04	2.4972e-04	3.4593e-04
0.9054	2.0566e-12	2.6828e-04	2.2643e-04	2.6828e-04
0.9148	2.2791e-13	2.0157e-04	2.0004e-04	2.0157e-04
0.9242	2.1325e-14	1.4523e-04	1.7584e-04	1.4523e-04
0.9336	1.7655e-15	9.8004e-05	1.5216e-04	9.8004e-05
0.9430	1.2141e-16	5.9715e-05	1.2366e-04	5.9715e-05
0.9524	6.9578e-18	3.1323e-05	8.7733e-05	3.1323e-05
0.9618	3.7457e-19	1.3391e-05	5.0441e-05	1.3391e-05
0.9712	3.1053e-20	4.3770e-06	2.1794e-05	4.3770e-06
0.9806	5.0609e-21	9.9830e-07	6.4236e-06	9.9830e-07
0.9900	4.8905e-22	1.2178e-07	9.8427e-07	1.2178e-07
