0.0500	1.3123e-03	-6.4068e-03	3.5104e-03	-6.4068e-03
0.0594	9.6782e-03	2.3164e-03	1.1195e-02	2.3164e-03
0.0688	1.9232e-02	1.2487e-02	2.0219e-02	1.2487e-02
0.0782	2.9756e-02	2.4100e-02	3.0352e-02	2.4100e-02
0.0876	3.9616e-02	3.5605e-02	3.9905e-02	3.5605e-02
0.0970	4.6898e-02	4.5304e-02	4.7036e-02	4.5304e-02
0.1064	5.1120e-02	5.1609e-02	5.1178e-02	5.1609e-02
0.1158	5.3055e-02	5.4908e-02	5.3036e-02	5.4908e-02
0.1252	5.3051e-02	5.6275e-02	5.2993e-02	5.6275e-02
0.1346	5.2409e-02	5.6205e-02	5.2507e-02	5.6205e-02
0.1440	5.1163e-02	5.5329e-02	5.1212e-02	5.5329e-02
0.1534	4.9451e-02	5.3978e-02	4.9551e-02	5.3978e-02
0.1628	4.7705e-02	5.2414e-02	4.7816e-02	5.2414e-02
0.1722	4.5843e-02	5.0661e-02	4.6021e-02	5.0661e-02
0.1816	4.4082e-02	4.8834e-02	4.4337e-02	4.8834e-02
0.1910	4.2324e-02	4.7058e-02	4.2414e-02	4.7058e-02
0.2004	4.0562e-02	4.5293e-02	4.0652e-02	4.5293e-02
0.2098	3.8888e-02	4.3540e-02	3.8966e-02	4.3540e-02
0.2192	3.7280e-02	4.1878e-02	3.7330e-02	4.1878e-02
0.2286	3.5726e-02	4.0281e-02	3.5801e-02	4.0281e-02
0.2380	3.4250e-02	3.8739e-02	3.4307e-02	3.8739e-02
0.2474	3.2824e-02	3.7246e-02	3.2897e-02	3.7246e-02
0.2568	3.1453e-02	3.5811e-02	3.1514e-02	3.5811e-02
0.2662	3.0127e-02	3.4419e-02	3.0189e-02	3.4419e-02
0.2756	2.8832e-02	3.3067e-02	2.8898e-02	3.3067e-02
0.2850	2.7573e-02	3.1745e-02	2.7633e-02	3.1745e-02
0.2944	2.6334e-02	3.0445e-02	2.6393e-02	3.0445e-02
0.3038	2.5114e-02	2.9167e-02	2.5175e-02	2.9167e-02
0.3132	2.3952e-02	2.7909e-02	2.4014e-02	2.7909e-02
0.3226	2.2784e-02	2.6676e-02	2.2847e-02	2.6676e-02
0.3320	2.1685e-02	2.5473e-02	2.1751e-02	2.5473e-02
0.3414	2.0627e-02	2.4302e-02	2.0695e-02	2.4302e-02
0.3508	1.9543e-02	2.3161e-02	1.9613e-02	2.3161e-02
0.3602	1.8562e-02	2.2053e-02	1.8637e-02	2.2053e-02
0.3696	1.7601e-02	2.0980e-02	1.7676e-02	2.0980e-02
0.3790	1.6694e-02	1.9951e-02	1.6767e-02	1.9951e-02
0.3884	1.5825e-02	1.8971e-02	1.5897e-02	1.8971e-02
0.3978	1.4996e-02	1.8036e-02	1.5067e-02	1.8036e-02
0.4072	1.4205e-02	1.7140e-02	1.4275e-02	1.7140e-02
0.4166	1.3419e-02	1.6280e-02	1.3524e-02	1.6280e-02
0.4260	1.2716e-02	1.5453e-02	1.2785e-02	1.5453e-02
0.4354	1.2027e-02	1.4658e-02	1.2096e-02	1.4658e-02
0.4448	1.1373e-02	1.3896e-02	1.1442e-02	1.3896e-02
0.4542	1.0752e-02	1.3171e-02	1.0819e-02	1.3171e-02
0.4636	1.0154e-02	1.2488e-02	1.0219e-02	1.2488e-02
0.4730	9.5837e-03	1.1833e-02	9.6500e-03	1.1833e-02
0.4824	9.0432e-03	1.1203e-02	9.1094e-03	1.1203e-02
0.4918	8.5311e-03	1.0595e-02	8.5968e-03	1.0595e-02
0.5012	8.0500e-03	1.0020e-02	8.1137e-03	1.0020e-02
0.5106	7.5934e-03	9.4757e-03	7.6555e-03	9.4757e-03
0.5200	7.1657e-03	8.9602e-03	7.2229e-03	8.9602e-03
0.5294	6.7566e-03	8.4720e-03	6.8149e-03	8.4720e-03
0.5388	6.5063e-03	8.0105e-03	6.4581e-03	8.0105e-03
0.5482	6.0048e-03	7.5738e-03	6.0593e-03	7.5738e-03
0.5576	5.6577e-03	7.1583e-03	5.7111e-03	7.1583e-03
0.5670	5.3286e-03	6.7621e-03	5.3818e-03	6.7621e-03
0.5764	5.0185e-03	6.3856e-03	5.0694e-03	6.3856e-03
0.5858	4.7277e-03	6.0292e-03	4.7762e-03	6.0292e-03
0.5952	4.4525e-03	5.6912e-03	4.4984e-03	5.6912e-03
0.6046	4.1906e-03	5.3717e-03	4.2367e-03	5.3717e-03
0.6140	3.9447e-03	5.0690e-03	3.9889e-03	5.0690e-03
0.6234	3.7112e-03	4.7839e-03	3.7537e-03	4.7839e-03
0.6328	3.4824e-03	4.5140e-03	3.5233e-03	4.5140e-03
0.6422	3.2825e-03	4.2575e-03	3.3218e-03	4.2575e-03
0.6516	3.0859e-03	4.0140e-03	3.1239e-03	4.0140e-03
0.6610	2.8987e-03	3.7833e-03	2.9353e-03	3.7833e-03
0.6704	2.7206e-03	3.5646e-03	2.7555e-03	3.5646e-03
0.6798	2.5508e-03	3.3563e-03	2.5846e-03	3.3563e-03
0.6892	2.3892e-03	3.1594e-03	2.4220e-03	3.1594e-03
0.6986	2.2345e-03	2.9706e-03	2.2665e-03	2.9706e-03
0.7080	2.0877e-03	2.7909e-03	2.1187e-03	2.7909e-03
0.7174	1.9468e-03	2.6190e-03	1.9770e-03	2.6190e-03
0.7268	1.8123e-03	2.4542e-03	1.8419e-03	2.4542e-03
0.7362	1.6833e-03	2.2972e-03	1.7204e-03	2.2972e-03
0.7456	1.5594e-03	2.1468e-03	1.5876e-03	2.1468e-03
0.7550	1.4405e-03	2.0025e-03	1.4683e-03	2.0025e-03
0.7644	1.3272e-03	1.8641e-03	1.3545e-03	1.8641e-03
0.7738	1.2154e-03	1.7310e-03	1.2425e-03	1.7310e-03
0.7832	1.1094e-03	1.6029e-03	1.1363e-03	1.6029e-03
0.7926	1.0077e-03	1.4796e-03	1.0344e-03	1.4796e-03
0.8020	9.1021e-04	1.3607e-03	9.3671e-04	1.3607e-03
0.8114	8.1508e-04	1.2462e-03	8.4133e-04	1.2462e-03
0.8208	7.2157e-04	1.1363e-03	7.4756e-04	1.1363e-03
0.8302	6.2939e-04	1.0309e-03	6.5364e-04	1.0309e-03
0.8396	5.3392e-04	9.2917e-04	5.6034e-04	9.2917e-04
0.8490	4.4246e-04	8.2987e-04	4.7043e-04	8.2987e-04
0.8584	3.5876e-04	7.3049e-04	3.8733e-04	7.3049e-04
0.8678	2.7879e-04	6.2990e-04	3.1308e-04	6.2990e-04
0.8772	2.1133e-04	5.2976e-04	2.4752e-04	5.2976e-04
0.8866	1.5396e-04	4.3382e-04	1.8963e-04	4.3382e-04
0.8960	1.0605e-04	3.4593e-04	1.3956e-04	3.4593e-04
0.9054	6.7447e-05	2.6828e-04	9.7745e-05	2.6828e-04
0.9148	3.8261e-05	2.0157e-04	6.5068e-05	2.0157e-04
0.9242	1.8475e-05	1.4523e-04	4.2027e-05	1.4523e-04
0.9336	7.1693e-06	9.8004e-05	2.7544e-05	9.8004e-05
0.9430	2.1388e-06	5.9715e-05	1.8695e-05	5.9715e-05
0.9524	4.7796e-07	3.1323e-05	1.2226e-05	3.1323e-05
0.9618	7.7441e-08	1.3391e-05	6.8321e-06	1.3391e-05
0.9712	8.5291e-09	4.3770e-06	2.9278e-06	4.3770e-06
0.9806	5.7057e-10	9.9830e-07	8.6124e-07	9.9830e-07
0.9900	1.7413e-11	1.2178e-07	1.3192e-07	1.2178e-07
