0.0500	3.0192e-02	-9.8655e-03	1.2609e-01	-9.8655e-03
0.0594	6.9050e-02	1.5317e-02	1.3376e-01	1.5317e-02
0.0688	9.8166e-02	4.4491e-02	1.3824e-01	4.4491e-02
0.0782	1.1233e-01	7.6128e-02	1.3392e-01	7.6128e-02
0.0876	1.1638e-01	1.0465e-01	1.2563e-01	1.0465e-01
0.0970	1.1502e-01	1.2452e-01	1.1922e-01	1.2452e-01
0.1064	1.1125e-01	1.3548e-01	1.1354e-01	1.3548e-01
0.1158	1.0649e-01	1.4022e-01	1.0921e-01	1.4022e-01
0.1252	1.0125e-01	1.4060e-01	1.0542e-01	1.4060e-01
0.1346	9.5932e-02	1.3851e-01	1.0124e-01	1.3851e-01
0.1440	9.0809e-02	1.3501e-01	9.6429e-02	1.3501e-01
0.1534	8.5857e-02	1.3081e-01	9.1732e-02	1.3081e-01
0.1628	8.1166e-02	1.2614e-01	8.6876e-02	1.2614e-01
0.1722	7.6713e-02	1.2133e-01	8.2081e-02	1.2133e-01
0.1816	7.2451e-02	1.1659e-01	7.7367e-02	1.1659e-01
0.1910	6.8358e-02	1.1191e-01	7.3111e-02	1.1191e-01
0.2004	6.4372e-02	1.0736e-01	6.8782e-02	1.0736e-01
0.2098	6.0492e-02	1.0298e-01	6.4527e-02	1.0298e-01
0.2192	5.6714e-02	9.8787e-02	6.0513e-02	9.8787e-02
0.2286	5.3047e-02	9.4765e-02	5.6660e-02	9.4765e-02
0.2380	4.9537e-02	9.0889e-02	5.2933e-02	9.0889e-02
0.2474	4.6167e-02	8.7136e-02	4.9423e-02	8.7136e-02
0.2568	4.2968e-02	8.3495e-02	4.6175e-02	8.3495e-02
0.2662	3.9950e-02	7.9946e-02	4.3121e-02	7.9946e-02
0.2756	3.7113e-02	7.6464e-02	4.0278e-02	7.6464e-02
0.2850	3.4448e-02	7.3039e-02	3.7644e-02	7.3039e-02
0.2944	3.1938e-02	6.9686e-02	3.5190e-02	6.9686e-02
0.3038	2.9590e-02	6.6411e-02	3.2935e-02	6.6411e-02
0.3132	2.7374e-02	6.3215e-02	3.0851e-02	6.3215e-02
0.3226	2.5319e-02	6.0108e-02	2.8907e-02	6.0108e-02
0.3320	2.3399e-02	5.7096e-02	2.7137e-02	5.7096e-02
0.3414	2.1608e-02	5.4184e-02	2.5337e-02	5.4184e-02
0.3508	1.9931e-02	5.1385e-02	2.3668e-02	5.1385e-02
0.3602	1.8383e-02	4.8708e-02	2.2081e-02	4.8708e-02
0.3696	1.6946e-02	4.6154e-02	2.0596e-02	4.6154e-02
0.3790	1.5622e-02	4.3717e-02	1.9236e-02	4.3717e-02
0.3884	1.4384e-02	4.1388e-02	1.7981e-02	4.1388e-02
0.3978	1.3240e-02	3.9161e-02	1.6832e-02	3.9161e-02
0.4072	1.2189e-02	3.7020e-02	1.5753e-02	3.7020e-02
0.4166	1.1145e-02	3.5001e-02	1.4756e-02	3.5001e-02
0.4260	1.0309e-02	3.3066e-02	1.3770e-02	3.3066e-02
0.4354	9.4758e-03	3.1227e-02	1.2885e-02	3.1227e-02
0.4448	8.7038e-03	2.9475e-02	1.2072e-02	2.9475e-02
0.4542	7.9874e-03	2.7807e-02	1.1317e-02	2.7807e-02
0.4636	7.3219e-03	2.6220e-02	1.0594e-02	2.6220e-02
0.4730	6.7062e-03	2.4714e-02	9.9011e-03	2.4714e-02
0.4824	6.1271e-03	2.3289e-02	9.2292e-03	2.3289e-02
0.4918	5.5883e-03	2.1943e-02	8.5962e-03	2.1943e-02
0.5012	5.0852e-03	2.0672e-02	7.9971e-03	2.0672e-02
0.5106	4.6120e-03	1.9471e-02	7.4349e-03	1.9471e-02
0.5200	4.1663e-03	1.8336e-02	6.9075e-03	1.8336e-02
0.5294	3.7469e-03	1.7264e-02	6.4114e-03	1.7264e-02
0.5388	3.3529e-03	1.6247e-02	5.9330e-03	1.6247e-02
0.5482	2.9797e-03	1.5287e-02	5.4745e-03	1.5287e-02
0.5576	2.6243e-03	1.4380e-02	5.0381e-03	1.4380e-02
0.5670	2.2898e-03	1.3524e-02	4.6123e-03	1.3524e-02
0.5764	1.9725e-03	1.2716e-02	4.2059e-03	1.2716e-02
0.5858	1.6743e-03	1.1954e-02	3.8223e-03	1.1954e-02
0.5952	1.3959e-03	1.1235e-02	3.4578e-03	1.1235e-02
0.6046	1.1410e-03	1.0556e-02	3.1232e-03	1.0556e-02
0.6140	9.1020e-04	9.9147e-03	2.8166e-03	9.9147e-03
0.6234	7.0707e-04	9.3076e-03	2.5426e-03	9.3076e-03
0.6328	5.3393e-04	8.7324e-03	2.3032e-03	8.7324e-03
0.6422	3.9015e-04	8.1869e-03	2.0987e-03	8.1869e-03
0.6516	2.7467e-04	7.6691e-03	1.9273e-03	7.6691e-03
0.6610	1.8662e-04	7.1771e-03	1.7890e-03	7.1771e-03
0.6704	1.2110e-04	6.7095e-03	1.6796e-03	6.7095e-03
0.6798	7.5215e-05	6.2634e-03	1.5931e-03	6.2634e-03
0.6892	4.4533e-05	5.8377e-03	1.5261e-03	5.8377e-03
0.6986	2.4961e-05	5.4317e-03	1.4741e-03	5.4317e-03
0.7080	1.3219e-05	5.0426e-03	1.4342e-03	5.0426e-03
0.7174	6.5242e-06	4.6704e-03	1.4036e-03	4.6704e-03
0.7268	2.9724e-06	4.3149e-03	1.3808e-03	4.3149e-03
0.7362	1.2351e-06	3.9732e-03	1.3649e-03	3.9732e-03
0.7456	4.6285e-07	3.6451e-03	1.3558e-03	3.6451e-03
0.7550	1.5463e-07	3.3288e-03	1.3548e-03	3.3288e-03
0.7644	4.5822e-08	3.0254e-03	1.3630e-03	3.0254e-03
0.7738	1.2005e-08	2.7320e-03	1.3818e-03	2.7320e-03
0.7832	2.6724e-09	2.4483e-03	1.4101e-03	2.4483e-03
0.7926	5.7274e-10	2.1737e-03	1.4443e-03	2.1737e-03
0.8020	1.0188e-10	1.9092e-03	1.4770e-03	1.9092e-03
0.8114	1.6315e-11	1.6547e-03	1.4984e-03	1.6547e-03
0.8208	2.4152e-12	1.4127e-03	1.4997e-03	1.4127e-03
0.8302	3.0563e-13	1.1852e-03	1.4718e-03	1.1852e-03
0.8396	3.4760e-14	9.7541e-04	1.4108e-03	9.7541e-04
0.8490	3.7304e-15	7.8573e-04	1.3170e-03	7.8573e-04
0.8584	3.2881e-16	6.1810e-04	1.1943e-03	6.1810e-04
0.8678	2.7694e-17	4.7382e-04	1.0501e-03	4.7382e-04
0.8772	2.5270e-18	3.5299e-04	8.9348e-04	3.5299e-04
0.8866	4.2575e-19	2.5483e-04	7.3358e-04	2.5483e-04
0.8960	1.4310e-19	1.7769e-04	5.7939e-04	1.7769e-04
0.9054	4.7619e-20	1.1921e-04	4.3846e-04	1.1921e-04
0.9148	1.2270e-20	7.6688e-05	3.1675e-04	7.6688e-05
0.9242	2.4746e-21	4.7076e-05	2.1776e-04	4.7076e-05
0.9336	4.2660e-22	2.7421e-05	1.4153e-04	2.7421e-05
0.9430	6.5102e-23	1.5043e-05	8.6434e-05	1.5043e-05
0.9524	9.7214e-24	7.6808e-06	4.9165e-05	7.6808e-06
0.9618	1.7048e-24	3.5698e-06	2.5647e-05	3.5698e-06
0.9712	3.3906e-25	1.4370e-06	1.1766e-05	1.4370e-06
0.9806	6.3318e-26	4.5666e-07	4.3249e-06	4.5666e-07
0.9900	6.8717e-27	8.4573e-08	9.8832e-07	8.4573e-08
