0.0500	9.2701e-02	9.2519e-02	9.2729e-02	9.2519e-02
0.0594	1.0093e-01	1.0083e-01	1.0095e-01	1.0083e-01
0.0688	1.1026e-01	1.0986e-01	1.1027e-01	1.0986e-01
0.0782	1.1980e-01	1.1997e-01	1.1981e-01	1.1997e-01
0.0876	1.2751e-01	1.2845e-01	1.2751e-01	1.2845e-01
0.0970	1.3203e-01	1.3313e-01	1.3203e-01	1.3313e-01
0.1064	1.3227e-01	1.3384e-01	1.3227e-01	1.3384e-01
0.1158	1.2998e-01	1.3185e-01	1.2998e-01	1.3185e-01
0.1252	1.2569e-01	1.2804e-01	1.2569e-01	1.2804e-01
0.1346	1.2113e-01	1.2330e-01	1.2113e-01	1.2330e-01
0.1440	1.1577e-01	1.1807e-01	1.1577e-01	1.1807e-01
0.1534	1.1042e-01	1.1272e-01	1.1043e-01	1.1272e-01
0.1628	1.0507e-01	1.0734e-01	1.0507e-01	1.0734e-01
0.1722	9.9565e-02	1.0206e-01	9.9568e-02	1.0206e-01
0.1816	9.4843e-02	9.7018e-02	9.4845e-02	9.7018e-02
0.1910	8.9969e-02	9.2147e-02	8.9971e-02	9.2147e-02
0.2004	8.5341e-02	8.7453e-02	8.5343e-02	8.7453e-02
0.2098	8.0922e-02	8.2984e-02	8.0923e-02	8.2984e-02
0.2192	7.6098e-02	7.8711e-02	7.6100e-02	7.8711e-02
0.2286	7.2721e-02	7.4657e-02	7.2722e-02	7.4657e-02
0.2380	6.8920e-02	7.0840e-02	6.8922e-02	7.0840e-02
0.2474	6.5395e-02	6.7214e-02	6.5397e-02	6.7214e-02
0.2568	6.1983e-02	6.3765e-02	6.1984e-02	6.3765e-02
0.2662	5.9162e-02	6.0501e-02	5.9163e-02	6.0501e-02
0.2756	5.5729e-02	5.7398e-02	5.5730e-02	5.7398e-02
0.2850	5.2782e-02	5.4420e-02	5.2784e-02	5.4420e-02
0.2944	4.9795e-02	5.1592e-02	4.9796e-02	5.1592e-02
0.3038	4.7365e-02	4.8876e-02	4.7367e-02	4.8876e-02
0.3132	4.4795e-02	4.6273e-02	4.4796e-02	4.6273e-02
0.3226	4.2262e-02	4.3783e-02	4.2261e-02	4.3783e-02
0.3320	4.0013e-02	4.1403e-02	4.0014e-02	4.1403e-02
0.3414	3.7782e-02	3.9122e-02	3.7783e-02	3.9122e-02
0.3508	3.5542e-02	3.6945e-02	3.5543e-02	3.6945e-02
0.3602	3.3631e-02	3.4877e-02	3.3632e-02	3.4877e-02
0.3696	3.1712e-02	3.2912e-02	3.1713e-02	3.2912e-02
0.3790	2.9900e-02	3.1051e-02	2.9901e-02	3.1051e-02
0.3884	2.8188e-02	2.9293e-02	2.8190e-02	2.9293e-02
0.3978	2.6575e-02	2.7633e-02	2.6576e-02	2.7633e-02
0.4072	2.5051e-02	2.6066e-02	2.5052e-02	2.6066e-02
0.4166	2.3614e-02	2.4586e-02	2.3615e-02	2.4586e-02
0.4260	2.2434e-02	2.3188e-02	2.2435e-02	2.3188e-02
0.4354	2.0972e-02	2.1863e-02	2.0973e-02	2.1863e-02
0.4448	1.9752e-02	2.0608e-02	1.9753e-02	2.0608e-02
0.4542	1.8602e-02	1.9401e-02	1.8603e-02	1.9401e-02
0.4636	1.7514e-02	1.8297e-02	1.7515e-02	1.8297e-02
0.4730	1.6486e-02	1.7236e-02	1.6487e-02	1.7236e-02
0.4824	1.5521e-02	1.6233e-02	1.5522e-02	1.6233e-02
0.4918	1.4608e-02	1.5288e-02	1.4609e-02	1.5288e-02
0.5012	1.3755e-02	1.4398e-02	1.3756e-02	1.4398e-02
0.5106	1.2942e-02	1.3560e-02	1.2942e-02	1.3560e-02
0.5200	1.2181e-02	1.2770e-02	1.2181e-02	1.2770e-02
0.5294	1.1462e-02	1.2022e-02	1.1463e-02	1.2022e-02
0.5388	1.0783e-02	1.1321e-02	1.0783e-02	1.1321e-02
0.5482	1.0142e-02	1.0656e-02	1.0143e-02	1.0656e-02
0.5576	9.5401e-03	1.0027e-02	9.5407e-03	1.0027e-02
0.5670	8.9693e-03	9.4340e-03	8.9699e-03	9.4340e-03
0.5764	8.4342e-03	8.8763e-03	8.4348e-03	8.8763e-03
0.5858	7.9095e-03	8.3508e-03	7.9100e-03	8.3508e-03
0.5952	7.4287e-03	7.8579e-03	7.4292e-03	7.8579e-03
0.6046	7.0125e-03	7.3930e-03	7.0130e-03	7.3930e-03
0.6140	6.5908e-03	6.9543e-03	6.5913e-03	6.9543e-03
0.6234	6.1954e-03	6.5404e-03	6.1958e-03	6.5404e-03
0.6328	5.8221e-03	6.1499e-03	5.8226e-03	6.1499e-03
0.6422	5.4673e-03	5.7810e-03	5.4692e-03	5.7810e-03
0.6516	5.1329e-03	5.4317e-03	5.1333e-03	5.4317e-03
0.6610	4.8147e-03	5.1006e-03	4.8151e-03	5.1006e-03
0.6704	4.5127e-03	4.7862e-03	4.5131e-03	4.7862e-03
0.6798	4.2257e-03	4.4872e-03	4.2261e-03	4.4872e-03
0.6892	3.9505e-03	4.2025e-03	3.9509e-03	4.2025e-03
0.6986	3.6911e-03	3.9311e-03	3.6914e-03	3.9311e-03
0.7080	3.4424e-03	3.6718e-03	3.4428e-03	3.6718e-03
0.7174	3.2343e-03	3.4233e-03	3.2346e-03	3.4233e-03
0.7268	2.9707e-03	3.1838e-03	2.9710e-03	3.1838e-03
0.7362	2.7491e-03	2.9552e-03	2.7494e-03	2.9552e-03
0.7456	2.5348e-03	2.7337e-03	2.5352e-03	2.7337e-03
0.7550	2.3284e-03	2.5198e-03	2.3288e-03	2.5198e-03
0.7644	2.1211e-03	2.3128e-03	2.1214e-03	2.3128e-03
0.7738	1.9352e-03	2.1140e-03	1.9355e-03	2.1140e-03
0.7832	1.7462e-03	1.9208e-03	1.7465e-03	1.9208e-03
0.7926	1.5621e-03	1.7327e-03	1.5625e-03	1.7327e-03
0.8020	1.3747e-03	1.5480e-03	1.3751e-03	1.5480e-03
0.8114	1.1990e-03	1.3648e-03	1.1994e-03	1.3648e-03
0.8208	1.0220e-03	1.1829e-03	1.0224e-03	1.1829e-03
0.8302	8.5106e-04	1.0040e-03	8.5147e-04	1.0040e-03
0.8396	6.9065e-04	8.3187e-04	6.9105e-04	8.3187e-04
0.8490	5.4458e-04	6.7118e-04	5.4496e-04	6.7118e-04
0.8584	4.1571e-04	5.2584e-04	4.1606e-04	5.2584e-04
0.8678	3.0525e-04	3.9830e-04	3.0555e-04	3.9830e-04
0.8772	2.1401e-04	2.8959e-04	2.1426e-04	2.8959e-04
0.8866	1.4150e-04	1.9997e-04	1.4170e-04	1.9997e-04
0.8960	8.7177e-05	1.2939e-04	8.7326e-05	1.2939e-04
0.9054	4.9342e-05	7.7249e-05	4.9444e-05	7.7249e-05
0.9148	2.5381e-05	4.1925e-05	2.5443e-05	4.1925e-05
0.9242	1.1754e-05	2.0414e-05	1.1788e-05	2.0414e-05
0.9336	4.8362e-06	8.8444e-06	4.8516e-06	8.8444e-06
0.9430	1.7949e-06	3.4372e-06	1.8010e-06	3.4372e-06
0.9524	5.7087e-07	1.2495e-06	5.7281e-07	1.2495e-06
0.9618	1.6433e-07	4.7361e-07	1.6484e-07	4.7361e-07
0.9712	3.7628e-08	1.9928e-07	3.7709e-08	1.9928e-07
0.9806	7.2430e-09	7.6762e-08	7.2514e-09	7.6762e-08
0.9900	9.5984e-10	1.5677e-08	9.6095e-10	1.5677e-08
