0.0500	4.0424e-02	-2.8198e-03	4.4113e-02	-2.8198e-03
0.0594	4.8866e-02	6.1979e-03	4.8417e-02	6.1979e-03
0.0688	5.0176e-02	1.7773e-02	5.2785e-02	1.7773e-02
0.0782	4.8480e-02	3.2501e-02	5.2672e-02	3.2501e-02
0.0876	4.5854e-02	4.7694e-02	5.0498e-02	4.7694e-02
0.0970	4.3142e-02	5.9951e-02	4.8102e-02	5.9951e-02
0.1064	4.0131e-02	6.7779e-02	4.5737e-02	6.7779e-02
0.1158	3.7288e-02	7.2203e-02	4.2951e-02	7.2203e-02
0.1252	3.4617e-02	7.3782e-02	4.0216e-02	7.3782e-02
0.1346	3.2092e-02	7.3639e-02	3.7561e-02	7.3639e-02
0.1440	2.9786e-02	7.2347e-02	3.5091e-02	7.2347e-02
0.1534	2.7654e-02	7.0553e-02	3.3043e-02	7.0553e-02
0.1628	2.5488e-02	6.8375e-02	3.1204e-02	6.8375e-02
0.1722	2.3486e-02	6.5987e-02	2.9518e-02	6.5987e-02
0.1816	2.1530e-02	6.3638e-02	2.7847e-02	6.3638e-02
0.1910	1.9760e-02	6.1279e-02	2.6097e-02	6.1279e-02
0.2004	1.8037e-02	5.8898e-02	2.4543e-02	5.8898e-02
0.2098	1.6451e-02	5.6605e-02	2.2939e-02	5.6605e-02
0.2192	1.4992e-02	5.4373e-02	2.1353e-02	5.4373e-02
0.2286	1.3640e-02	5.2213e-02	1.9918e-02	5.2213e-02
0.2380	1.2373e-02	5.0167e-02	1.8556e-02	5.0167e-02
0.2474	1.1251e-02	4.8198e-02	1.7160e-02	4.8198e-02
0.2568	1.0170e-02	4.6283e-02	1.5916e-02	4.6283e-02
0.2662	9.2369e-03	4.4437e-02	1.4782e-02	4.4437e-02
0.2756	8.3721e-03	4.2646e-02	1.3629e-02	4.2646e-02
0.2850	7.5744e-03	4.0884e-02	1.2587e-02	4.0884e-02
0.2944	6.8467e-03	3.9179e-02	1.1599e-02	3.9179e-02
0.3038	6.1839e-03	3.7495e-02	1.0680e-02	3.7495e-02
0.3132	5.5960e-03	3.5846e-02	9.8170e-03	3.5846e-02
0.3226	5.0631e-03	3.4230e-02	9.0112e-03	3.4230e-02
0.3320	4.5663e-03	3.2654e-02	8.2698e-03	3.2654e-02
0.3414	4.1226e-03	3.1110e-02	7.5679e-03	3.1110e-02
0.3508	3.7212e-03	2.9600e-02	6.9423e-03	2.9600e-02
0.3602	3.3533e-03	2.8151e-02	6.3701e-03	2.8151e-02
0.3696	3.0230e-03	2.6760e-02	5.8587e-03	2.6760e-02
0.3790	2.7161e-03	2.5431e-02	5.4056e-03	2.5431e-02
0.3884	2.4320e-03	2.4162e-02	5.0177e-03	2.4162e-02
0.3978	2.1641e-03	2.2947e-02	4.6784e-03	2.2947e-02
0.4072	1.9234e-03	2.1782e-02	4.4009e-03	2.1782e-02
0.4166	1.6906e-03	2.0664e-02	4.1686e-03	2.0664e-02
0.4260	1.4650e-03	1.9597e-02	3.9679e-03	1.9597e-02
0.4354	1.2598e-03	1.8583e-02	3.7812e-03	1.8583e-02
0.4448	1.0627e-03	1.7616e-02	3.5871e-03	1.7616e-02
0.4542	8.7905e-04	1.6689e-02	3.3711e-03	1.6689e-02
0.4636	7.1110e-04	1.5798e-02	3.1159e-03	1.5798e-02
0.4730	5.6094e-04	1.4946e-02	2.8201e-03	1.4946e-02
0.4824	4.3023e-04	1.4137e-02	2.4821e-03	1.4137e-02
0.4918	3.1903e-04	1.3371e-02	2.1228e-03	1.3371e-02
0.5012	2.2902e-04	1.2645e-02	1.7554e-03	1.2645e-02
0.5106	1.5804e-04	1.1960e-02	1.4008e-03	1.1960e-02
0.5200	1.0493e-04	1.1311e-02	1.0762e-03	1.1311e-02
0.5294	6.6853e-05	1.0696e-02	7.9452e-04	1.0696e-02
0.5388	4.0895e-05	1.0110e-02	5.6244e-04	1.0110e-02
0.5482	2.4051e-05	9.5550e-03	3.8067e-04	9.5550e-03
0.5576	1.3595e-05	9.0269e-03	2.4558e-04	9.0269e-03
0.5670	7.4085e-06	8.5260e-03	1.5079e-04	8.5260e-03
0.5764	3.8947e-06	8.0534e-03	8.8211e-05	8.0534e-03
0.5858	1.9774e-06	7.6061e-03	4.9275e-05	7.6061e-03
0.5952	9.7165e-07	7.1869e-03	2.6356e-05	7.1869e-03
0.6046	4.6326e-07	6.7902e-03	1.3544e-05	6.7902e-03
0.6140	2.1467e-07	6.4147e-03	6.7080e-06	6.4147e-03
0.6234	9.6588e-08	6.0597e-03	3.2047e-06	6.0597e-03
0.6328	4.2177e-08	5.7243e-03	1.4753e-06	5.7243e-03
0.6422	1.8199e-08	5.4072e-03	6.6085e-07	5.4072e-03
0.6516	7.4246e-09	5.1065e-03	2.8778e-07	5.1065e-03
0.6610	3.0621e-09	4.8210e-03	1.2124e-07	4.8210e-03
0.6704	1.2228e-09	4.5493e-03	4.9568e-08	4.5493e-03
0.6798	4.6541e-10	4.2834e-03	1.9970e-08	4.2834e-03
0.6892	1.8120e-10	4.0433e-03	7.7462e-09	4.0433e-03
0.6986	6.8001e-11	3.8069e-03	2.9540e-09	3.8069e-03
0.7080	2.4613e-11	3.5808e-03	1.0811e-09	3.5808e-03
0.7174	8.7822e-12	3.3639e-03	3.8811e-10	3.3639e-03
0.7268	3.0115e-12	3.1552e-03	1.3346e-10	3.1552e-03
0.7362	1.0744e-12	2.9540e-03	4.7491e-11	2.9540e-03
0.7456	3.7357e-13	2.7591e-03	1.6414e-11	2.7591e-03
0.7550	1.2165e-13	2.5700e-03	5.2854e-12	2.5700e-03
0.7644	4.0087e-14	2.3864e-03	1.7168e-12	2.3864e-03
0.7738	1.2277e-14	2.2094e-03	5.1502e-13	2.2094e-03
0.7832	3.8430e-15	2.0371e-03	1.5748e-13	2.0371e-03
0.7926	1.2457e-15	1.8686e-03	4.9812e-14	1.8686e-03
0.8020	3.4471e-16	1.7011e-03	1.3238e-14	1.7011e-03
0.8114	1.0976e-16	1.5308e-03	4.0480e-15	1.5308e-03
0.8208	3.1709e-17	1.3552e-03	1.0807e-15	1.3552e-03
0.8302	9.9288e-18	1.1749e-03	2.9568e-16	1.1749e-03
0.8396	3.4858e-18	9.9404e-04	7.9985e-17	9.9404e-04
0.8490	1.4113e-18	8.1887e-04	2.0002e-17	8.1887e-04
0.8584	7.1337e-19	6.5555e-04	5.7915e-18	6.5555e-04
0.8678	3.8148e-19	5.0834e-04	1.6122e-18	5.0834e-04
0.8772	2.0815e-19	3.7937e-04	6.4486e-19	3.7937e-04
0.8866	1.0771e-19	2.6965e-04	2.8908e-19	2.6965e-04
0.8960	5.1921e-20	1.7993e-04	1.4755e-19	1.7993e-04
0.9054	2.4148e-20	1.1086e-04	7.1961e-20	1.1086e-04
0.9148	1.0744e-20	6.2045e-05	3.3263e-20	6.2045e-05
0.9242	4.7933e-21	3.1066e-05	1.4919e-20	3.1066e-05
0.9336	2.1288e-21	1.3778e-05	6.4402e-21	1.3778e-05
0.9430	9.7975e-22	5.4411e-06	2.8464e-21	5.4411e-06
0.9524	4.4426e-22	1.9788e-06	1.2333e-21	1.9788e-06
0.9618	1.9438e-22	7.3860e-07	5.2498e-22	7.3860e-07
0.9712	7.3647e-23	3.1481e-07	1.9604e-22	3.1481e-07
0.9806	2.1325e-23	1.2805e-07	5.6342e-23	1.2805e-07
0.9900	3.0111e-24	2.6673e-08	7.9562e-24	2.6673e-08
