0.0500	9.1700e-02	9.6547e-02	9.4418e-02	9.6547e-02
0.0594	1.0066e-01	1.0415e-01	1.0244e-01	1.0415e-01
0.0688	1.1017e-01	1.1233e-01	1.1130e-01	1.1233e-01
0.0782	1.1991e-01	1.2151e-01	1.2054e-01	1.2151e-01
0.0876	1.2667e-01	1.2910e-01	1.2727e-01	1.2910e-01
0.0970	1.2998e-01	1.3307e-01	1.3009e-01	1.3307e-01
0.1064	1.2918e-01	1.3331e-01	1.2930e-01	1.3331e-01
0.1158	1.2603e-01	1.3101e-01	1.2621e-01	1.3101e-01
0.1252	1.2140e-01	1.2702e-01	1.2160e-01	1.2702e-01
0.1346	1.1617e-01	1.2218e-01	1.1571e-01	1.2218e-01
0.1440	1.1084e-01	1.1688e-01	1.1105e-01	1.1688e-01
0.1534	1.0524e-01	1.1150e-01	1.0548e-01	1.1150e-01
0.1628	9.9912e-02	1.0610e-01	1.0014e-01	1.0610e-01
0.1722	9.4694e-02	1.0082e-01	9.5137e-02	1.0082e-01
0.1816	8.9767e-02	9.5784e-02	8.9971e-02	9.5784e-02
0.1910	8.5009e-02	9.0921e-02	8.5193e-02	9.0921e-02
0.2004	8.0449e-02	8.6239e-02	8.0639e-02	8.6239e-02
0.2098	7.6121e-02	8.1781e-02	7.6312e-02	8.1781e-02
0.2192	7.2077e-02	7.7522e-02	7.2185e-02	7.7522e-02
0.2286	6.8151e-02	7.3481e-02	6.8320e-02	7.3481e-02
0.2380	6.4466e-02	6.9680e-02	6.4636e-02	6.9680e-02
0.2474	6.1029e-02	6.6073e-02	6.1191e-02	6.6073e-02
0.2568	5.7684e-02	6.2643e-02	5.7878e-02	6.2643e-02
0.2662	5.4642e-02	5.9402e-02	5.4783e-02	5.9402e-02
0.2756	5.1699e-02	5.6325e-02	5.1840e-02	5.6325e-02
0.2850	4.8881e-02	5.3377e-02	4.9022e-02	5.3377e-02
0.2944	4.6182e-02	5.0580e-02	4.6333e-02	5.0580e-02
0.3038	4.3575e-02	4.7897e-02	4.3767e-02	4.7897e-02
0.3132	4.1150e-02	4.5329e-02	4.1297e-02	4.5329e-02
0.3226	3.8807e-02	4.2874e-02	3.8947e-02	4.2874e-02
0.3320	3.6575e-02	4.0530e-02	3.6717e-02	4.0530e-02
0.3414	3.4449e-02	3.8284e-02	3.4589e-02	3.8284e-02
0.3508	3.2429e-02	3.6143e-02	3.2562e-02	3.6143e-02
0.3602	3.0449e-02	3.4110e-02	3.0662e-02	3.4110e-02
0.3696	2.8722e-02	3.2178e-02	2.8857e-02	3.2178e-02
0.3790	2.7028e-02	3.0350e-02	2.7158e-02	3.0350e-02
0.3884	2.5260e-02	2.8623e-02	2.5559e-02	2.8623e-02
0.3978	2.3933e-02	2.6994e-02	2.4053e-02	2.6994e-02
0.4072	2.2514e-02	2.5458e-02	2.2633e-02	2.5458e-02
0.4166	2.1179e-02	2.4008e-02	2.1296e-02	2.4008e-02
0.4260	1.9918e-02	2.2639e-02	2.0033e-02	2.2639e-02
0.4354	1.8725e-02	2.1342e-02	1.8837e-02	2.1342e-02
0.4448	1.7607e-02	2.0114e-02	1.7716e-02	2.0114e-02
0.4542	1.6539e-02	1.8933e-02	1.6645e-02	1.8933e-02
0.4636	1.5542e-02	1.7854e-02	1.5643e-02	1.7854e-02
0.4730	1.4598e-02	1.6817e-02	1.4702e-02	1.6817e-02
0.4824	1.3720e-02	1.5838e-02	1.3815e-02	1.5838e-02
0.4918	1.2890e-02	1.4915e-02	1.2981e-02	1.4915e-02
0.5012	1.2114e-02	1.4045e-02	1.2127e-02	1.4045e-02
0.5106	1.1376e-02	1.3226e-02	1.1461e-02	1.3226e-02
0.5200	1.0685e-02	1.2455e-02	1.0767e-02	1.2455e-02
0.5294	1.0034e-02	1.1725e-02	1.0112e-02	1.1725e-02
0.5388	9.4206e-03	1.1041e-02	9.4959e-03	1.1041e-02
0.5482	8.8033e-03	1.0392e-02	8.9150e-03	1.0392e-02
0.5576	8.3056e-03	9.7783e-03	8.3708e-03	9.7783e-03
0.5670	7.7919e-03	9.2001e-03	7.8575e-03	9.2001e-03
0.5764	7.3132e-03	8.6562e-03	7.3765e-03	8.6562e-03
0.5858	6.8639e-03	8.1436e-03	6.9249e-03	8.1436e-03
0.5952	6.4438e-03	7.6630e-03	6.4998e-03	7.6630e-03
0.6046	6.0437e-03	7.2097e-03	6.0991e-03	7.2097e-03
0.6140	5.6466e-03	6.7821e-03	5.7217e-03	6.7821e-03
0.6234	5.2723e-03	6.3788e-03	5.3658e-03	6.3788e-03
0.6328	4.9392e-03	5.9983e-03	5.0154e-03	5.9983e-03
0.6422	4.6643e-03	5.6389e-03	4.7110e-03	5.6389e-03
0.6516	4.3645e-03	5.2986e-03	4.4094e-03	5.2986e-03
0.6610	4.0796e-03	4.9761e-03	4.1224e-03	4.9761e-03
0.6704	3.8075e-03	4.6699e-03	3.8499e-03	4.6699e-03
0.6798	3.5500e-03	4.3788e-03	3.5911e-03	4.3788e-03
0.6892	3.3013e-03	4.1016e-03	3.3412e-03	4.1016e-03
0.6986	3.0635e-03	3.8374e-03	3.1027e-03	3.8374e-03
0.7080	2.8386e-03	3.5849e-03	2.8773e-03	3.5849e-03
0.7174	2.6183e-03	3.3430e-03	2.6566e-03	3.3430e-03
0.7268	2.4075e-03	3.1097e-03	2.4454e-03	3.1097e-03
0.7362	2.2036e-03	2.8871e-03	2.2418e-03	2.8871e-03
0.7456	2.0069e-03	2.6713e-03	2.0368e-03	2.6713e-03
0.7550	1.8154e-03	2.4628e-03	1.8545e-03	2.4628e-03
0.7644	1.6290e-03	2.2610e-03	1.6705e-03	2.2610e-03
0.7738	1.4453e-03	2.0670e-03	1.4907e-03	2.0670e-03
0.7832	1.2643e-03	1.8785e-03	1.3101e-03	1.8785e-03
0.7926	1.0868e-03	1.6948e-03	1.1347e-03	1.6948e-03
0.8020	9.1465e-04	1.5144e-03	9.6351e-04	1.5144e-03
0.8114	7.5102e-04	1.3353e-03	7.9945e-04	1.3353e-03
0.8208	5.9943e-04	1.1575e-03	6.4577e-04	1.1575e-03
0.8302	4.6415e-04	9.8254e-04	5.0686e-04	9.8254e-04
0.8396	3.4674e-04	8.1422e-04	3.8456e-04	8.1422e-04
0.8490	2.4859e-04	6.5702e-04	2.8067e-04	6.5702e-04
0.8584	1.6980e-04	5.1481e-04	1.9565e-04	5.1481e-04
0.8678	1.0930e-04	3.8997e-04	1.2921e-04	3.8997e-04
0.8772	6.5359e-05	2.8355e-04	7.9639e-05	2.8355e-04
0.8866	3.5818e-05	1.9581e-04	4.5198e-05	1.9581e-04
0.8960	1.7803e-05	1.2670e-04	2.3302e-05	1.2670e-04
0.9054	8.0209e-06	7.5643e-05	1.0837e-05	7.5643e-05
0.9148	3.2438e-06	4.1055e-05	4.5050e-06	4.1055e-05
0.9242	1.2132e-06	1.9991e-05	1.7112e-06	1.9991e-05
0.9336	4.0207e-07	8.6616e-06	5.6932e-07	8.6616e-06
0.9430	1.2429e-07	3.3663e-06	1.7470e-07	3.3663e-06
0.9524	3.2748e-08	1.2237e-06	4.4826e-08	1.2237e-06
0.9618	7.9814e-09	4.6379e-07	1.0511e-08	4.6379e-07
0.9712	1.5861e-09	1.9515e-07	1.9637e-09	1.9515e-07
0.9806	2.5438e-10	7.5192e-08	2.8359e-10	7.5192e-08
0.9900	3.4557e-11	1.5358e-08	3.8534e-11	1.5358e-08
