0.0500	9.0492e-02	9.2614e-02	9.3176e-02	9.2614e-02
0.0594	9.9530e-02	1.0091e-01	1.0131e-01	1.0091e-01
0.0688	1.0923e-01	1.0992e-01	1.1045e-01	1.0992e-01
0.0782	1.1939e-01	1.2000e-01	1.2003e-01	1.2000e-01
0.0876	1.2706e-01	1.2847e-01	1.2724e-01	1.2847e-01
0.0970	1.3047e-01	1.3313e-01	1.3081e-01	1.3313e-01
0.1064	1.3030e-01	1.3383e-01	1.3044e-01	1.3383e-01
0.1158	1.2750e-01	1.3183e-01	1.2761e-01	1.3183e-01
0.1252	1.2285e-01	1.2801e-01	1.2329e-01	1.2801e-01
0.1346	1.1799e-01	1.2328e-01	1.1822e-01	1.2328e-01
0.1440	1.1256e-01	1.1804e-01	1.1312e-01	1.1804e-01
0.1534	1.0714e-01	1.1269e-01	1.0774e-01	1.1269e-01
0.1628	1.0180e-01	1.0731e-01	1.0200e-01	1.0731e-01
0.1722	9.6573e-02	1.0203e-01	9.6764e-02	1.0203e-01
0.1816	9.1648e-02	9.6989e-02	9.1819e-02	9.6989e-02
0.1910	8.6835e-02	9.2118e-02	8.7004e-02	9.2118e-02
0.2004	8.2258e-02	8.7424e-02	8.2417e-02	8.7424e-02
0.2098	7.7913e-02	8.2955e-02	7.8254e-02	8.2955e-02
0.2192	7.3748e-02	7.8683e-02	7.3882e-02	7.8683e-02
0.2286	6.9845e-02	7.4629e-02	6.9988e-02	7.4629e-02
0.2380	6.6133e-02	7.0812e-02	6.6281e-02	7.0812e-02
0.2474	6.2660e-02	6.7187e-02	6.2803e-02	6.7187e-02
0.2568	5.9306e-02	6.3738e-02	5.9439e-02	6.3738e-02
0.2662	5.6182e-02	6.0475e-02	5.6314e-02	6.0475e-02
0.2756	5.3206e-02	5.7372e-02	5.3324e-02	5.7372e-02
0.2850	5.0345e-02	5.4396e-02	5.0468e-02	5.4396e-02
0.2944	4.7597e-02	5.1568e-02	4.7727e-02	5.1568e-02
0.3038	4.5009e-02	4.8853e-02	4.5129e-02	4.8853e-02
0.3132	4.2429e-02	4.6251e-02	4.2619e-02	4.6251e-02
0.3226	4.0103e-02	4.3761e-02	4.0225e-02	4.3761e-02
0.3320	3.7830e-02	4.1382e-02	3.7953e-02	4.1382e-02
0.3414	3.5666e-02	3.9102e-02	3.5747e-02	3.9102e-02
0.3508	3.3598e-02	3.6926e-02	3.3719e-02	3.6926e-02
0.3602	3.1648e-02	3.4859e-02	3.1795e-02	3.4859e-02
0.3696	2.9802e-02	3.2895e-02	2.9919e-02	3.2895e-02
0.3790	2.7926e-02	3.1035e-02	2.8058e-02	3.1035e-02
0.3884	2.6421e-02	2.9277e-02	2.6533e-02	2.9277e-02
0.3978	2.4875e-02	2.7618e-02	2.4981e-02	2.7618e-02
0.4072	2.3419e-02	2.6052e-02	2.3525e-02	2.6052e-02
0.4166	2.2132e-02	2.4572e-02	2.2148e-02	2.4572e-02
0.4260	2.0749e-02	2.3175e-02	2.0848e-02	2.3175e-02
0.4354	1.9519e-02	2.1851e-02	1.9631e-02	2.1851e-02
0.4448	1.8367e-02	2.0597e-02	1.8455e-02	2.0597e-02
0.4542	1.7264e-02	1.9390e-02	1.7355e-02	1.9390e-02
0.4636	1.6232e-02	1.8287e-02	1.6321e-02	1.8287e-02
0.4730	1.5260e-02	1.7226e-02	1.5346e-02	1.7226e-02
0.4824	1.4345e-02	1.6224e-02	1.4427e-02	1.6224e-02
0.4918	1.3484e-02	1.5279e-02	1.3564e-02	1.5279e-02
0.5012	1.2681e-02	1.4389e-02	1.2757e-02	1.4389e-02
0.5106	1.1855e-02	1.3552e-02	1.1989e-02	1.3552e-02
0.5200	1.1198e-02	1.2763e-02	1.1379e-02	1.2763e-02
0.5294	1.0521e-02	1.2015e-02	1.0590e-02	1.2015e-02
0.5388	9.8835e-03	1.1314e-02	9.9501e-03	1.1314e-02
0.5482	9.2828e-03	1.0649e-02	9.3469e-03	1.0649e-02
0.5576	8.7191e-03	1.0021e-02	8.7800e-03	1.0021e-02
0.5670	8.1881e-03	9.4285e-03	8.2482e-03	9.4285e-03
0.5764	7.6891e-03	8.8711e-03	7.7451e-03	8.8711e-03
0.5858	7.2212e-03	8.3459e-03	7.2746e-03	8.3459e-03
0.5952	6.7604e-03	7.8533e-03	6.8320e-03	7.8533e-03
0.6046	6.3663e-03	7.3886e-03	6.4155e-03	7.3886e-03
0.6140	5.9747e-03	6.9502e-03	6.0221e-03	6.9502e-03
0.6234	5.6059e-03	6.5366e-03	5.6918e-03	6.5366e-03
0.6328	5.2572e-03	6.1463e-03	5.3003e-03	6.1463e-03
0.6422	4.9276e-03	5.7776e-03	4.9688e-03	5.7776e-03
0.6516	4.6152e-03	5.4286e-03	4.6506e-03	5.4286e-03
0.6610	4.3181e-03	5.0976e-03	4.3564e-03	5.0976e-03
0.6704	4.0356e-03	4.7834e-03	4.0770e-03	4.7834e-03
0.6798	3.7668e-03	4.4846e-03	3.8027e-03	4.4846e-03
0.6892	3.5095e-03	4.2001e-03	3.5446e-03	4.2001e-03
0.6986	3.2627e-03	3.9289e-03	3.2972e-03	3.9289e-03
0.7080	3.0131e-03	3.6697e-03	3.0635e-03	3.6697e-03
0.7174	2.8015e-03	3.4214e-03	2.8350e-03	3.4214e-03
0.7268	2.5831e-03	3.1820e-03	2.6162e-03	3.1820e-03
0.7362	2.3739e-03	2.9536e-03	2.4057e-03	2.9536e-03
0.7456	2.1687e-03	2.7322e-03	2.2024e-03	2.7322e-03
0.7550	1.9720e-03	2.5185e-03	2.0062e-03	2.5185e-03
0.7644	1.7820e-03	2.3116e-03	1.8164e-03	2.3116e-03
0.7738	1.5964e-03	2.1129e-03	1.6233e-03	2.1129e-03
0.7832	1.4096e-03	1.9198e-03	1.4523e-03	1.9198e-03
0.7926	1.2280e-03	1.7318e-03	1.2683e-03	1.7318e-03
0.8020	1.0496e-03	1.5472e-03	1.0917e-03	1.5472e-03
0.8114	8.7755e-04	1.3641e-03	9.2025e-04	1.3641e-03
0.8208	7.1494e-04	1.1823e-03	7.5687e-04	1.1823e-03
0.8302	5.6654e-04	1.0035e-03	6.0621e-04	1.0035e-03
0.8396	4.3456e-04	8.3145e-04	4.7074e-04	8.3145e-04
0.8490	3.2117e-04	6.7084e-04	3.5286e-04	6.7084e-04
0.8584	2.2735e-04	5.2558e-04	2.5396e-04	5.2558e-04
0.8678	1.5273e-04	3.9810e-04	1.7399e-04	3.9810e-04
0.8772	9.6225e-05	2.8945e-04	1.1235e-04	2.8945e-04
0.8866	5.6081e-05	1.9987e-04	6.7341e-05	1.9987e-04
0.8960	2.9821e-05	1.2933e-04	3.6947e-05	1.2933e-04
0.9054	1.4349e-05	7.7210e-05	1.8334e-05	7.7210e-05
0.9148	6.2105e-06	4.1905e-05	8.1699e-06	4.1905e-05
0.9242	2.4613e-06	2.0404e-05	3.3009e-06	2.0404e-05
0.9336	8.6324e-07	8.8401e-06	1.1705e-06	8.8401e-06
0.9430	2.8039e-07	3.4355e-06	3.7969e-07	3.4355e-06
0.9524	7.7539e-08	1.2489e-06	1.0302e-07	1.2489e-06
0.9618	1.9799e-08	4.7338e-07	2.5484e-08	4.7338e-07
0.9712	4.0654e-09	1.9918e-07	4.9260e-09	1.9918e-07
0.9806	6.8104e-10	7.6725e-08	7.5149e-10	7.6725e-08
0.9900	9.0881e-11	1.5670e-08	1.0029e-10	1.5670e-08
