0.0500	8.6449e-02	9.6547e-02	9.1380e-02	9.6547e-02
0.0594	9.7889e-02	1.0415e-01	1.0056e-01	1.0415e-01
0.0688	1.0958e-01	1.1233e-01	1.1033e-01	1.1233e-01
0.0782	1.1917e-01	1.2151e-01	1.1867e-01	1.2151e-01
0.0876	1.2416e-01	1.2910e-01	1.2358e-01	1.2910e-01
0.0970	1.2414e-01	1.3307e-01	1.2419e-01	1.3307e-01
0.1064	1.2089e-01	1.3331e-01	1.2149e-01	1.3331e-01
0.1158	1.1617e-01	1.3101e-01	1.1665e-01	1.3101e-01
0.1252	1.1053e-01	1.2702e-01	1.1123e-01	1.2702e-01
0.1346	1.0473e-01	1.2218e-01	1.0550e-01	1.2218e-01
0.1440	9.9013e-02	1.1688e-01	9.9822e-02	1.1688e-01
0.1534	9.3747e-02	1.1150e-01	9.4484e-02	1.1150e-01
0.1628	8.8485e-02	1.0610e-01	8.9205e-02	1.0610e-01
0.1722	8.3486e-02	1.0082e-01	8.4199e-02	1.0082e-01
0.1816	7.8700e-02	9.5784e-02	7.9404e-02	9.5784e-02
0.1910	7.4141e-02	9.0921e-02	7.4882e-02	9.0921e-02
0.2004	6.9824e-02	8.6239e-02	7.0533e-02	8.6239e-02
0.2098	6.5753e-02	8.1781e-02	6.6436e-02	8.1781e-02
0.2192	6.1943e-02	7.7522e-02	6.2584e-02	7.7522e-02
0.2286	5.8349e-02	7.3481e-02	5.8995e-02	7.3481e-02
0.2380	5.4974e-02	6.9680e-02	5.5607e-02	6.9680e-02
0.2474	5.1803e-02	6.6073e-02	5.2403e-02	6.6073e-02
0.2568	4.8779e-02	6.2643e-02	4.9396e-02	6.2643e-02
0.2662	4.5900e-02	5.9402e-02	4.6508e-02	5.9402e-02
0.2756	4.3150e-02	5.6325e-02	4.3768e-02	5.6325e-02
0.2850	4.0537e-02	5.3377e-02	4.1164e-02	5.3377e-02
0.2944	3.8051e-02	5.0580e-02	3.8678e-02	5.0580e-02
0.3038	3.5699e-02	4.7897e-02	3.6325e-02	4.7897e-02
0.3132	3.3457e-02	4.5329e-02	3.4081e-02	4.5329e-02
0.3226	3.1341e-02	4.2874e-02	3.1936e-02	4.2874e-02
0.3320	2.9354e-02	4.0530e-02	2.9963e-02	4.0530e-02
0.3414	2.7433e-02	3.8284e-02	2.8051e-02	3.8284e-02
0.3508	2.5729e-02	3.6143e-02	2.6304e-02	3.6143e-02
0.3602	2.4092e-02	3.4110e-02	2.4648e-02	3.4110e-02
0.3696	2.2553e-02	3.2178e-02	2.3095e-02	3.2178e-02
0.3790	2.1109e-02	3.0350e-02	2.1601e-02	3.0350e-02
0.3884	1.9753e-02	2.8623e-02	2.0267e-02	2.8623e-02
0.3978	1.8480e-02	2.6994e-02	1.8982e-02	2.6994e-02
0.4072	1.7281e-02	2.5458e-02	1.7775e-02	2.5458e-02
0.4166	1.6164e-02	2.4008e-02	1.6633e-02	2.4008e-02
0.4260	1.5110e-02	2.2639e-02	1.5564e-02	2.2639e-02
0.4354	1.4125e-02	2.1342e-02	1.4566e-02	2.1342e-02
0.4448	1.3203e-02	2.0114e-02	1.3626e-02	2.0114e-02
0.4542	1.2342e-02	1.8933e-02	1.2745e-02	1.8933e-02
0.4636	1.1533e-02	1.7854e-02	1.1923e-02	1.7854e-02
0.4730	1.0777e-02	1.6817e-02	1.1155e-02	1.6817e-02
0.4824	1.0071e-02	1.5838e-02	1.0433e-02	1.5838e-02
0.4918	9.4079e-03	1.4915e-02	9.7566e-03	1.4915e-02
0.5012	8.7864e-03	1.4045e-02	9.1200e-03	1.4045e-02
0.5106	8.2063e-03	1.3226e-02	8.5232e-03	1.3226e-02
0.5200	7.6558e-03	1.2455e-02	7.9678e-03	1.2455e-02
0.5294	7.1559e-03	1.1725e-02	7.3919e-03	1.1725e-02
0.5388	6.6701e-03	1.1041e-02	6.9561e-03	1.1041e-02
0.5482	6.2369e-03	1.0392e-02	6.4991e-03	1.0392e-02
0.5576	5.8224e-03	9.7783e-03	6.0718e-03	9.7783e-03
0.5670	5.4313e-03	9.2001e-03	5.6689e-03	9.2001e-03
0.5764	5.0663e-03	8.6562e-03	5.2923e-03	8.6562e-03
0.5858	4.7219e-03	8.1436e-03	4.9379e-03	8.1436e-03
0.5952	4.4061e-03	7.6630e-03	4.6050e-03	7.6630e-03
0.6046	4.0909e-03	7.2097e-03	4.2896e-03	7.2097e-03
0.6140	3.7888e-03	6.7821e-03	3.9912e-03	6.7821e-03
0.6234	3.5253e-03	6.3788e-03	3.7116e-03	6.3788e-03
0.6328	3.2636e-03	5.9983e-03	3.4460e-03	5.9983e-03
0.6422	3.0137e-03	5.6389e-03	3.1917e-03	5.6389e-03
0.6516	2.7730e-03	5.2986e-03	2.9503e-03	5.2986e-03
0.6610	2.5469e-03	4.9761e-03	2.7201e-03	4.9761e-03
0.6704	2.3280e-03	4.6699e-03	2.5003e-03	4.6699e-03
0.6798	2.1152e-03	4.3788e-03	2.2872e-03	4.3788e-03
0.6892	1.9120e-03	4.1016e-03	2.0870e-03	4.1016e-03
0.6986	1.7102e-03	3.8374e-03	1.8939e-03	3.8374e-03
0.7080	1.5177e-03	3.5849e-03	1.7054e-03	3.5849e-03
0.7174	1.3281e-03	3.3430e-03	1.5254e-03	3.3430e-03
0.7268	1.1438e-03	3.1097e-03	1.3483e-03	3.1097e-03
0.7362	9.6624e-04	2.8871e-03	1.1748e-03	2.8871e-03
0.7456	7.9769e-04	2.6713e-03	1.0092e-03	2.6713e-03
0.7550	6.4115e-04	2.4628e-03	8.4295e-04	2.4628e-03
0.7644	4.9989e-04	2.2610e-03	6.8754e-04	2.2610e-03
0.7738	3.7696e-04	2.0670e-03	5.4635e-04	2.0670e-03
0.7832	2.7394e-04	1.8785e-03	4.1911e-04	1.8785e-03
0.7926	1.9084e-04	1.6948e-03	3.0967e-04	1.6948e-03
0.8020	1.2665e-04	1.5144e-03	2.1976e-04	1.5144e-03
0.8114	7.9188e-05	1.3353e-03	1.4845e-04	1.3353e-03
0.8208	4.6206e-05	1.1575e-03	9.4625e-05	1.1575e-03
0.8302	2.4984e-05	9.8254e-04	5.6200e-05	9.8254e-04
0.8396	1.2468e-05	8.1422e-04	3.0727e-05	8.1422e-04
0.8490	5.7360e-06	6.5702e-04	1.5364e-05	6.5702e-04
0.8584	2.4684e-06	5.1481e-04	6.9991e-06	5.1481e-04
0.8678	9.8191e-07	3.8997e-04	2.9217e-06	3.8997e-04
0.8772	3.7607e-07	2.8355e-04	1.1340e-06	2.8355e-04
0.8866	1.3556e-07	1.9581e-04	4.0948e-07	1.9581e-04
0.8960	4.6392e-08	1.2670e-04	1.3882e-07	1.2670e-04
0.9054	1.4929e-08	7.5643e-05	4.3509e-08	7.5643e-05
0.9148	4.5174e-09	4.1055e-05	1.2674e-08	4.1055e-05
0.9242	1.2605e-09	1.9991e-05	3.3900e-09	1.9991e-05
0.9336	3.2168e-10	8.6616e-06	8.2550e-10	8.6616e-06
0.9430	7.6489e-11	3.3663e-06	1.8442e-10	3.3663e-06
0.9524	1.6225e-11	1.2237e-06	3.6663e-11	1.2237e-06
0.9618	3.0585e-12	4.6379e-07	6.1980e-12	4.6379e-07
0.9712	5.4375e-13	1.9515e-07	1.0149e-12	1.9515e-07
0.9806	6.7972e-14	7.5192e-08	1.0018e-13	7.5192e-08
0.9900	9.5690e-15	1.5358e-08	1.4108e-14	1.5358e-08
