0.0500	4.9885e-02	5.5088e-02	1.6448e-01	5.5088e-02
0.0594	4.3925e-02	6.6223e-02	1.0325e-01	6.6223e-02
0.0688	3.8667e-02	7.9681e-02	7.5393e-02	7.9681e-02
0.0782	3.3843e-02	9.6513e-02	6.1390e-02	9.6513e-02
0.0876	2.9588e-02	1.1325e-01	5.2139e-02	1.1325e-01
0.0970	2.5883e-02	1.2597e-01	4.5618e-02	1.2597e-01
0.1064	2.2573e-02	1.3226e-01	4.0427e-02	1.3226e-01
0.1158	1.9637e-02	1.3650e-01	3.6419e-02	1.3650e-01
0.1252	1.6982e-02	1.3624e-01	3.2706e-02	1.3624e-01
0.1346	1.4677e-02	1.3378e-01	2.9097e-02	1.3378e-01
0.1440	1.2619e-02	1.2995e-01	2.5847e-02	1.2995e-01
0.1534	1.0854e-02	1.2549e-01	2.3042e-02	1.2549e-01
0.1628	9.3312e-03	1.2065e-01	2.0516e-02	1.2065e-01
0.1722	8.0132e-03	1.1569e-01	1.8232e-02	1.1569e-01
0.1816	6.8748e-03	1.1086e-01	1.6191e-02	1.1086e-01
0.1910	5.9004e-03	1.0610e-01	1.4355e-02	1.0610e-01
0.2004	5.0606e-03	1.0138e-01	1.2714e-02	1.0138e-01
0.2098	4.3389e-03	9.6839e-02	1.1215e-02	9.6839e-02
0.2192	3.7215e-03	9.2408e-02	9.8667e-03	9.2408e-02
0.2286	3.1901e-03	8.8125e-02	8.6704e-03	8.8125e-02
0.2380	2.7338e-03	8.4091e-02	7.6023e-03	8.4091e-02
0.2474	2.3310e-03	8.0236e-02	6.7307e-03	8.0236e-02
0.2568	1.9823e-03	7.6519e-02	6.0214e-03	7.6519e-02
0.2662	1.6699e-03	7.2980e-02	5.4909e-03	7.2980e-02
0.2756	1.3810e-03	6.9617e-02	5.0970e-03	6.9617e-02
0.2850	1.1152e-03	6.6376e-02	4.7754e-03	6.6376e-02
0.2944	8.7321e-04	6.3292e-02	4.4624e-03	6.3292e-02
0.3038	6.5947e-04	6.0297e-02	4.0711e-03	6.0297e-02
0.3132	4.7799e-04	5.7405e-02	3.5639e-03	5.7405e-02
0.3226	3.3105e-04	5.4606e-02	2.9784e-03	5.4606e-02
0.3320	2.1831e-04	5.1905e-02	2.3703e-03	5.1905e-02
0.3414	1.3691e-04	4.9288e-02	1.7711e-03	4.9288e-02
0.3508	8.1772e-05	4.6751e-02	1.2720e-03	4.6751e-02
0.3602	4.6667e-05	4.4327e-02	8.6099e-04	4.4327e-02
0.3696	2.5456e-05	4.1998e-02	5.4641e-04	4.1998e-02
0.3790	1.3295e-05	3.9776e-02	3.2918e-04	3.9776e-02
0.3884	6.7463e-06	3.7664e-02	1.8836e-04	3.7664e-02
0.3978	3.2947e-06	3.5663e-02	1.0288e-04	3.5663e-02
0.4072	1.5592e-06	3.3769e-02	5.3624e-05	3.3769e-02
0.4166	7.1702e-07	3.1974e-02	2.7169e-05	3.1974e-02
0.4260	3.2106e-07	3.0273e-02	1.3237e-05	3.0273e-02
0.4354	1.4041e-07	2.8652e-02	6.2508e-06	2.8652e-02
0.4448	6.0022e-08	2.7107e-02	2.8660e-06	2.7107e-02
0.4542	2.5046e-08	2.5636e-02	1.2799e-06	2.5636e-02
0.4636	9.9005e-09	2.4239e-02	5.5798e-07	2.4239e-02
0.4730	4.1620e-09	2.2914e-02	2.3765e-07	2.2914e-02
0.4824	1.6448e-09	2.1655e-02	9.9128e-08	2.1655e-02
0.4918	6.4621e-10	2.0462e-02	4.0729e-08	2.0462e-02
0.5012	2.4994e-10	1.9335e-02	1.6371e-08	1.9335e-02
0.5106	9.6696e-11	1.8272e-02	6.5763e-09	1.8272e-02
0.5200	3.6613e-11	1.7270e-02	2.5743e-09	1.7270e-02
0.5294	1.3193e-11	1.6320e-02	9.5725e-10	1.6320e-02
0.5388	4.9255e-12	1.5417e-02	3.6695e-10	1.5417e-02
0.5482	1.6993e-12	1.4564e-02	1.3048e-10	1.4564e-02
0.5576	6.3403e-13	1.3753e-02	4.9741e-11	1.3753e-02
0.5670	2.0200e-13	1.2986e-02	1.6222e-11	1.2986e-02
0.5764	7.4026e-14	1.2262e-02	6.0283e-12	1.2262e-02
0.5858	2.6303e-14	1.1578e-02	2.1752e-12	1.1578e-02
0.5952	8.8569e-15	1.0938e-02	7.4140e-13	1.0938e-02
0.6046	3.1093e-15	1.0333e-02	2.6146e-13	1.0333e-02
0.6140	1.0275e-15	9.7625e-03	8.6262e-14	9.7625e-03
0.6234	3.6251e-16	9.2241e-03	2.9748e-14	9.2241e-03
0.6328	1.2091e-16	8.7164e-03	9.2331e-15	8.7164e-03
0.6422	4.8644e-17	8.2372e-03	2.7788e-15	8.2372e-03
0.6516	2.0813e-17	7.7836e-03	9.9854e-16	7.7836e-03
0.6610	1.0825e-17	7.3538e-03	3.3064e-16	7.3538e-03
0.6704	6.3283e-18	6.9459e-03	1.1065e-16	6.9459e-03
0.6798	3.9111e-18	6.5474e-03	3.8183e-17	6.5474e-03
0.6892	2.4258e-18	6.1891e-03	1.5940e-17	6.1891e-03
0.6986	1.4633e-18	5.8369e-03	7.5838e-18	5.8369e-03
0.7080	8.5192e-19	5.5005e-03	4.1917e-18	5.5005e-03
0.7174	4.6598e-19	5.1777e-03	2.4494e-18	5.1777e-03
0.7268	2.5242e-19	4.8668e-03	1.4864e-18	4.8668e-03
0.7362	1.3409e-19	4.5665e-03	8.2094e-19	4.5665e-03
0.7456	6.9969e-20	4.2751e-03	4.5996e-19	4.2751e-03
0.7550	3.5544e-20	3.9915e-03	2.4110e-19	3.9915e-03
0.7644	1.7827e-20	3.7153e-03	1.2139e-19	3.7153e-03
0.7738	8.6962e-21	3.4482e-03	5.8331e-20	3.4482e-03
0.7832	4.2509e-21	3.1869e-03	2.7497e-20	3.1869e-03
0.7926	2.0811e-21	2.9297e-03	1.2796e-20	2.9297e-03
0.8020	9.8214e-22	2.6720e-03	5.6310e-21	2.6720e-03
0.8114	4.7587e-22	2.4079e-03	2.5477e-21	2.4079e-03
0.8208	2.2539e-22	2.1341e-03	1.1207e-21	2.1341e-03
0.8302	1.0680e-22	1.8521e-03	4.9626e-22	1.8521e-03
0.8396	5.0283e-23	1.5685e-03	2.1941e-22	1.5685e-03
0.8490	2.4052e-23	1.2931e-03	9.8466e-23	1.2931e-03
0.8584	1.1746e-23	1.0355e-03	4.5285e-23	1.0355e-03
0.8678	5.7871e-24	8.0207e-04	2.0904e-23	8.0207e-04
0.8772	2.9744e-24	5.9662e-04	1.0160e-23	5.9662e-04
0.8866	1.5700e-24	4.2142e-04	5.0948e-24	4.2142e-04
0.8960	8.5126e-25	2.7860e-04	2.6574e-24	2.7860e-04
0.9054	4.7260e-25	1.6961e-04	1.4340e-24	1.6961e-04
0.9148	2.6446e-25	9.3612e-05	7.8811e-25	9.3612e-05
0.9242	1.4777e-25	4.6213e-05	4.3548e-25	4.6213e-05
0.9336	8.1231e-26	2.0238e-05	2.3791e-25	2.0238e-05
0.9430	4.3592e-26	7.9268e-06	1.2728e-25	7.9268e-06
0.9524	2.2088e-26	2.8937e-06	6.4402e-26	2.8937e-06
0.9618	1.0244e-26	1.0976e-06	2.9853e-26	1.0976e-06
0.9712	3.9694e-27	4.6131e-07	1.1567e-26	4.6131e-07
0.9806	1.1475e-27	1.7742e-07	3.3448e-27	1.7742e-07
0.9900	1.6282e-28	3.6195e-08	4.7467e-28	3.6195e-08
