0.0500	5.3470e-02	5.5088e-02	5.8012e-02	5.5088e-02
0.0594	6.7273e-02	6.6223e-02	7.0028e-02	6.6223e-02
0.0688	8.3274e-02	7.9681e-02	8.4934e-02	7.9681e-02
0.0782	1.0175e-01	9.6513e-02	1.0246e-01	9.6513e-02
0.0876	1.1797e-01	1.1325e-01	1.1753e-01	1.1325e-01
0.0970	1.2909e-01	1.2597e-01	1.2823e-01	1.2597e-01
0.1064	1.3417e-01	1.3226e-01	1.3328e-01	1.3226e-01
0.1158	1.3490e-01	1.3650e-01	1.3460e-01	1.3650e-01
0.1252	1.3247e-01	1.3624e-01	1.3231e-01	1.3624e-01
0.1346	1.2859e-01	1.3378e-01	1.2876e-01	1.3378e-01
0.1440	1.2385e-01	1.2995e-01	1.2408e-01	1.2995e-01
0.1534	1.1893e-01	1.2549e-01	1.1915e-01	1.2549e-01
0.1628	1.1397e-01	1.2065e-01	1.1419e-01	1.2065e-01
0.1722	1.0891e-01	1.1569e-01	1.0905e-01	1.1569e-01
0.1816	1.0403e-01	1.1086e-01	1.0426e-01	1.1086e-01
0.1910	9.9237e-02	1.0610e-01	9.9410e-02	1.0610e-01
0.2004	9.4530e-02	1.0138e-01	9.4746e-02	1.0138e-01
0.2098	9.0035e-02	9.6839e-02	9.0236e-02	9.6839e-02
0.2192	8.5630e-02	9.2408e-02	8.5865e-02	9.2408e-02
0.2286	8.1584e-02	8.8125e-02	8.1791e-02	8.8125e-02
0.2380	7.7532e-02	8.4091e-02	7.7785e-02	8.4091e-02
0.2474	7.3858e-02	8.0236e-02	7.4068e-02	8.0236e-02
0.2568	7.0287e-02	7.6519e-02	7.0406e-02	7.6519e-02
0.2662	6.6925e-02	7.2980e-02	6.7053e-02	7.2980e-02
0.2756	6.3659e-02	6.9617e-02	6.3838e-02	6.9617e-02
0.2850	6.0525e-02	6.6376e-02	6.0756e-02	6.6376e-02
0.2944	5.7495e-02	6.3292e-02	5.7721e-02	6.3292e-02
0.3038	5.4642e-02	6.0297e-02	5.4791e-02	6.0297e-02
0.3132	5.1782e-02	5.7405e-02	5.1987e-02	5.7405e-02
0.3226	4.9030e-02	5.4606e-02	4.9265e-02	5.4606e-02
0.3320	4.6405e-02	5.1905e-02	4.6666e-02	5.1905e-02
0.3414	4.3886e-02	4.9288e-02	4.4153e-02	4.9288e-02
0.3508	4.1474e-02	4.6751e-02	4.1745e-02	4.6751e-02
0.3602	3.9183e-02	4.4327e-02	3.9456e-02	4.4327e-02
0.3696	3.7009e-02	4.1998e-02	3.7274e-02	4.1998e-02
0.3790	3.4944e-02	3.9776e-02	3.5211e-02	3.9776e-02
0.3884	3.2994e-02	3.7664e-02	3.2990e-02	3.7664e-02
0.3978	3.1153e-02	3.5663e-02	3.1412e-02	3.5663e-02
0.4072	2.9414e-02	3.3769e-02	2.9671e-02	3.3769e-02
0.4166	2.7762e-02	3.1974e-02	2.8020e-02	3.1974e-02
0.4260	2.6200e-02	3.0273e-02	2.6454e-02	3.0273e-02
0.4354	2.4706e-02	2.8652e-02	2.4956e-02	2.8652e-02
0.4448	2.3298e-02	2.7107e-02	2.3559e-02	2.7107e-02
0.4542	2.1961e-02	2.5636e-02	2.2199e-02	2.5636e-02
0.4636	2.0716e-02	2.4239e-02	2.0932e-02	2.4239e-02
0.4730	1.9505e-02	2.2914e-02	1.9734e-02	2.2914e-02
0.4824	1.8382e-02	2.1655e-02	1.8601e-02	2.1655e-02
0.4918	1.7318e-02	2.0462e-02	1.7535e-02	2.0462e-02
0.5012	1.6327e-02	1.9335e-02	1.6533e-02	1.9335e-02
0.5106	1.5382e-02	1.8272e-02	1.5585e-02	1.8272e-02
0.5200	1.4491e-02	1.7270e-02	1.4689e-02	1.7270e-02
0.5294	1.3649e-02	1.6320e-02	1.3840e-02	1.6320e-02
0.5388	1.2856e-02	1.5417e-02	1.3038e-02	1.5417e-02
0.5482	1.2105e-02	1.4564e-02	1.2282e-02	1.4564e-02
0.5576	1.1398e-02	1.3753e-02	1.1520e-02	1.3753e-02
0.5670	1.0738e-02	1.2986e-02	1.0899e-02	1.2986e-02
0.5764	1.0114e-02	1.2262e-02	1.0270e-02	1.2262e-02
0.5858	9.5296e-03	1.1578e-02	9.6784e-03	1.1578e-02
0.5952	9.0129e-03	1.0938e-02	9.0998e-03	1.0938e-02
0.6046	8.4622e-03	1.0333e-02	8.5967e-03	1.0333e-02
0.6140	7.9747e-03	9.7625e-03	8.1026e-03	9.7625e-03
0.6234	7.5145e-03	9.2241e-03	7.5673e-03	9.2241e-03
0.6328	7.0795e-03	8.7164e-03	7.1960e-03	8.7164e-03
0.6422	6.6668e-03	8.2372e-03	6.7790e-03	8.2372e-03
0.6516	6.2947e-03	7.7836e-03	6.3841e-03	7.7836e-03
0.6610	5.9067e-03	7.3538e-03	6.0073e-03	7.3538e-03
0.6704	5.5515e-03	6.9459e-03	5.6498e-03	6.9459e-03
0.6798	5.2191e-03	6.5474e-03	5.3102e-03	6.5474e-03
0.6892	4.8865e-03	6.1891e-03	4.9799e-03	6.1891e-03
0.6986	4.5735e-03	5.8369e-03	4.6638e-03	5.8369e-03
0.7080	4.2746e-03	5.5005e-03	4.3659e-03	5.5005e-03
0.7174	3.9820e-03	5.1777e-03	4.0708e-03	5.1777e-03
0.7268	3.6987e-03	4.8668e-03	3.7874e-03	4.8668e-03
0.7362	3.4232e-03	4.5665e-03	3.5124e-03	4.5665e-03
0.7456	3.1525e-03	4.2751e-03	3.2443e-03	4.2751e-03
0.7550	2.8846e-03	3.9915e-03	2.9843e-03	3.9915e-03
0.7644	2.6158e-03	3.7153e-03	2.7283e-03	3.7153e-03
0.7738	2.3422e-03	3.4482e-03	2.4719e-03	3.4482e-03
0.7832	2.0630e-03	3.1869e-03	2.2078e-03	3.1869e-03
0.7926	1.7809e-03	2.9297e-03	1.9404e-03	2.9297e-03
0.8020	1.5010e-03	2.6720e-03	1.6703e-03	2.6720e-03
0.8114	1.2310e-03	2.4079e-03	1.4034e-03	2.4079e-03
0.8208	9.7866e-04	2.1341e-03	1.1461e-03	2.1341e-03
0.8302	7.5119e-04	1.8521e-03	9.0836e-04	1.8521e-03
0.8396	5.5455e-04	1.5685e-03	6.9418e-04	1.5685e-03
0.8490	3.8976e-04	1.2931e-03	5.0864e-04	1.2931e-03
0.8584	2.5946e-04	1.0355e-03	3.5459e-04	1.0355e-03
0.8678	1.6145e-04	8.0207e-04	2.3320e-04	8.0207e-04
0.8772	9.2454e-05	5.9662e-04	1.4236e-04	5.9662e-04
0.8866	4.8101e-05	4.2142e-04	7.9444e-05	4.2142e-04
0.8960	2.2498e-05	2.7860e-04	3.9849e-05	2.7860e-04
0.9054	9.5403e-06	1.6961e-04	1.7784e-05	1.6961e-04
0.9148	3.6160e-06	9.3612e-05	6.9791e-06	9.3612e-05
0.9242	1.2779e-06	4.6213e-05	2.4895e-06	4.6213e-05
0.9336	4.0126e-07	2.0238e-05	7.6735e-07	2.0238e-05
0.9430	1.1840e-07	7.9268e-06	2.2030e-07	7.9268e-06
0.9524	2.9961e-08	2.8937e-06	5.3193e-08	2.8937e-06
0.9618	7.0139e-09	1.0976e-06	1.1648e-08	1.0976e-06
0.9712	1.3617e-09	4.6131e-07	2.0568e-09	4.6131e-07
0.9806	2.1125e-10	1.7742e-07	2.6602e-10	1.7742e-07
0.9900	2.8865e-11	3.6195e-08	3.6362e-11	3.6195e-08
