0.0500	8.7174e-02	9.2519e-02	8.2440e-02	9.2519e-02
0.0594	8.5268e-02	1.0083e-01	8.6869e-02	1.0083e-01
0.0688	7.9208e-02	1.0986e-01	8.4226e-02	1.0986e-01
0.0782	7.2281e-02	1.1997e-01	7.8414e-02	1.1997e-01
0.0876	6.5567e-02	1.2845e-01	7.2159e-02	1.2845e-01
0.0970	5.9336e-02	1.3313e-01	6.6529e-02	1.3313e-01
0.1064	5.3553e-02	1.3384e-01	6.0963e-02	1.3384e-01
0.1158	4.8387e-02	1.3185e-01	5.5725e-02	1.3185e-01
0.1252	4.3520e-02	1.2804e-01	5.0986e-02	1.2804e-01
0.1346	3.9283e-02	1.2330e-01	4.6412e-02	1.2330e-01
0.1440	3.5405e-02	1.1807e-01	4.2453e-02	1.1807e-01
0.1534	3.1827e-02	1.1272e-01	3.8791e-02	1.1272e-01
0.1628	2.8594e-02	1.0734e-01	3.5505e-02	1.0734e-01
0.1722	2.5660e-02	1.0206e-01	3.2423e-02	1.0206e-01
0.1816	2.2983e-02	9.7018e-02	2.9541e-02	9.7018e-02
0.1910	2.0517e-02	9.2147e-02	2.6945e-02	9.2147e-02
0.2004	1.8356e-02	8.7453e-02	2.4422e-02	8.7453e-02
0.2098	1.6399e-02	8.2984e-02	2.2205e-02	8.2984e-02
0.2192	1.4636e-02	7.8711e-02	2.0140e-02	7.8711e-02
0.2286	1.3074e-02	7.4657e-02	1.8221e-02	7.4657e-02
0.2380	1.1653e-02	7.0840e-02	1.6541e-02	7.0840e-02
0.2474	1.0385e-02	6.7214e-02	1.4965e-02	6.7214e-02
0.2568	9.2575e-03	6.3765e-02	1.3483e-02	6.3765e-02
0.2662	8.2365e-03	6.0501e-02	1.2245e-02	6.0501e-02
0.2756	7.3537e-03	5.7398e-02	1.1072e-02	5.7398e-02
0.2850	6.5540e-03	5.4420e-02	1.0022e-02	5.4420e-02
0.2944	5.8283e-03	5.1592e-02	9.0550e-03	5.1592e-02
0.3038	5.1971e-03	4.8876e-02	8.1803e-03	4.8876e-02
0.3132	4.6131e-03	4.6273e-02	7.3923e-03	4.6273e-02
0.3226	4.1007e-03	4.3783e-02	6.6881e-03	4.3783e-02
0.3320	3.6314e-03	4.1403e-02	6.0464e-03	4.1403e-02
0.3414	3.2237e-03	3.9122e-02	5.4793e-03	3.9122e-02
0.3508	2.8312e-03	3.6945e-02	4.9732e-03	3.6945e-02
0.3602	2.4841e-03	3.4877e-02	4.5231e-03	3.4877e-02
0.3696	2.1666e-03	3.2912e-02	4.1105e-03	3.2912e-02
0.3790	1.8745e-03	3.1051e-02	3.7381e-03	3.1051e-02
0.3884	1.6089e-03	2.9293e-02	3.3956e-03	2.9293e-02
0.3978	1.3653e-03	2.7633e-02	3.0743e-03	2.7633e-02
0.4072	1.1443e-03	2.6066e-02	2.7685e-03	2.6066e-02
0.4166	9.4518e-04	2.4586e-02	2.4729e-03	2.4586e-02
0.4260	7.6821e-04	2.3188e-02	2.1828e-03	2.3188e-02
0.4354	6.1258e-04	2.1863e-02	1.9008e-03	2.1863e-02
0.4448	4.7780e-04	2.0608e-02	1.6287e-03	2.0608e-02
0.4542	3.6392e-04	1.9401e-02	1.3690e-03	1.9401e-02
0.4636	2.7003e-04	1.8297e-02	1.1260e-03	1.8297e-02
0.4730	1.9476e-04	1.7236e-02	9.0604e-04	1.7236e-02
0.4824	1.3641e-04	1.6233e-02	7.0917e-04	1.6233e-02
0.4918	9.2718e-05	1.5288e-02	5.3891e-04	1.5288e-02
0.5012	6.1096e-05	1.4398e-02	3.9726e-04	1.4398e-02
0.5106	3.9043e-05	1.3560e-02	2.8291e-04	1.3560e-02
0.5200	2.4195e-05	1.2770e-02	1.9427e-04	1.2770e-02
0.5294	1.4536e-05	1.2022e-02	1.2864e-04	1.2022e-02
0.5388	8.4892e-06	1.1321e-02	8.2101e-05	1.1321e-02
0.5482	4.8120e-06	1.0656e-02	5.0569e-05	1.0656e-02
0.5576	2.6503e-06	1.0027e-02	3.0748e-05	1.0027e-02
0.5670	1.4203e-06	9.4340e-03	1.7269e-05	9.4340e-03
0.5764	7.4061e-07	8.8763e-03	9.6022e-06	8.8763e-03
0.5858	3.8400e-07	8.3508e-03	5.1703e-06	8.3508e-03
0.5952	1.8605e-07	7.8579e-03	2.7000e-06	7.8579e-03
0.6046	8.9938e-08	7.3930e-03	1.3698e-06	7.3930e-03
0.6140	4.2427e-08	6.9543e-03	6.7580e-07	6.9543e-03
0.6234	1.9529e-08	6.5404e-03	3.2391e-07	6.5404e-03
0.6328	8.9379e-09	6.1499e-03	1.5089e-07	6.1499e-03
0.6422	3.9385e-09	5.7810e-03	6.8631e-08	5.7810e-03
0.6516	1.6553e-09	5.4317e-03	3.0464e-08	5.4317e-03
0.6610	7.0966e-10	5.1006e-03	1.3199e-08	5.1006e-03
0.6704	2.9565e-10	4.7862e-03	5.5932e-09	4.7862e-03
0.6798	1.1751e-10	4.4872e-03	2.2581e-09	4.4872e-03
0.6892	4.7786e-11	4.2025e-03	9.2801e-10	4.2025e-03
0.6986	1.8726e-11	3.9311e-03	3.6644e-10	3.9311e-03
0.7080	7.1156e-12	3.6718e-03	1.3977e-10	3.6718e-03
0.7174	2.6011e-12	3.4233e-03	5.1099e-11	3.4233e-03
0.7268	9.5720e-13	3.1838e-03	1.8741e-11	3.1838e-03
0.7362	3.5913e-13	2.9552e-03	6.9861e-12	2.9552e-03
0.7456	1.3054e-13	2.7337e-03	2.5155e-12	2.7337e-03
0.7550	4.4740e-14	2.5198e-03	8.5028e-13	2.5198e-03
0.7644	1.5436e-14	2.3128e-03	2.8875e-13	2.3128e-03
0.7738	4.9540e-15	2.1140e-03	9.0676e-14	2.1140e-03
0.7832	1.6346e-15	1.9208e-03	2.9212e-14	1.9208e-03
0.7926	5.5416e-16	1.7327e-03	9.6320e-15	1.7327e-03
0.8020	1.6393e-16	1.5480e-03	2.7063e-15	1.5480e-03
0.8114	5.6423e-17	1.3648e-03	8.6916e-16	1.3648e-03
0.8208	1.8575e-17	1.1829e-03	2.4570e-16	1.1829e-03
0.8302	7.1342e-18	1.0040e-03	7.2436e-17	1.0040e-03
0.8396	3.2181e-18	8.3187e-04	2.1586e-17	8.3187e-04
0.8490	1.6551e-18	6.7118e-04	6.6211e-18	6.7118e-04
0.8584	9.2612e-19	5.2584e-04	2.5531e-18	5.2584e-04
0.8678	5.0759e-19	3.9830e-04	1.1040e-18	3.9830e-04
0.8772	2.6701e-19	2.8959e-04	5.7583e-19	2.8959e-04
0.8866	1.3409e-19	1.9997e-04	2.9907e-19	1.9997e-04
0.8960	6.3677e-20	1.2939e-04	1.5084e-19	1.2939e-04
0.9054	2.9763e-20	7.7249e-05	7.1936e-20	7.7249e-05
0.9148	1.3652e-20	4.1925e-05	3.2368e-20	4.1925e-05
0.9242	6.3078e-21	2.0414e-05	1.4367e-20	2.0414e-05
0.9336	2.9191e-21	8.8444e-06	6.3077e-21	8.8444e-06
0.9430	1.3743e-21	3.4372e-06	2.8532e-21	3.4372e-06
0.9524	6.3130e-22	1.2495e-06	1.2724e-21	1.2495e-06
0.9618	2.7580e-22	4.7361e-07	5.4538e-22	4.7361e-07
0.9712	1.0302e-22	1.9928e-07	2.0138e-22	1.9928e-07
0.9806	2.9059e-23	7.6762e-08	5.6456e-23	7.6762e-08
0.9900	4.0664e-24	1.5677e-08	7.9001e-24	1.5677e-08
