0.0500	4.0865e-02	-2.8198e-03	5.5831e-02	-2.8198e-03
0.0594	4.0875e-02	6.1979e-03	5.2490e-02	6.1979e-03
0.0688	3.8539e-02	1.7773e-02	4.8396e-02	1.7773e-02
0.0782	3.5750e-02	3.2501e-02	4.4619e-02	3.2501e-02
0.0876	3.2805e-02	4.7694e-02	4.1881e-02	4.7694e-02
0.0970	2.9972e-02	5.9951e-02	3.8667e-02	5.9951e-02
0.1064	2.7387e-02	6.7779e-02	3.5725e-02	6.7779e-02
0.1158	2.5024e-02	7.2203e-02	3.2837e-02	7.2203e-02
0.1252	2.2751e-02	7.3782e-02	3.0415e-02	7.3782e-02
0.1346	2.0721e-02	7.3639e-02	2.8503e-02	7.3639e-02
0.1440	1.8714e-02	7.2347e-02	2.6716e-02	7.2347e-02
0.1534	1.6857e-02	7.0553e-02	2.5001e-02	7.0553e-02
0.1628	1.5141e-02	6.8375e-02	2.3313e-02	6.8375e-02
0.1722	1.3547e-02	6.5987e-02	2.1587e-02	6.5987e-02
0.1816	1.2126e-02	6.3638e-02	1.9898e-02	6.3638e-02
0.1910	1.0808e-02	6.1279e-02	1.8199e-02	6.1279e-02
0.2004	9.6114e-03	5.8898e-02	1.6826e-02	5.8898e-02
0.2098	8.5630e-03	5.6605e-02	1.5433e-02	5.6605e-02
0.2192	7.6052e-03	5.4373e-02	1.4146e-02	5.4373e-02
0.2286	6.7434e-03	5.2213e-02	1.2925e-02	5.2213e-02
0.2380	5.9709e-03	5.0167e-02	1.1792e-02	5.0167e-02
0.2474	5.3033e-03	4.8198e-02	1.0688e-02	4.8198e-02
0.2568	4.6898e-03	4.6283e-02	9.6942e-03	4.6283e-02
0.2662	4.1513e-03	4.4437e-02	8.7753e-03	4.4437e-02
0.2756	3.6686e-03	4.2646e-02	7.9342e-03	4.2646e-02
0.2850	3.2495e-03	4.0884e-02	7.1690e-03	4.0884e-02
0.2944	2.8695e-03	3.9179e-02	6.4863e-03	3.9179e-02
0.3038	2.5281e-03	3.7495e-02	5.9426e-03	3.7495e-02
0.3132	2.2182e-03	3.5846e-02	5.3706e-03	3.5846e-02
0.3226	1.9375e-03	3.4230e-02	4.9347e-03	3.4230e-02
0.3320	1.6871e-03	3.2654e-02	4.5591e-03	3.2654e-02
0.3414	1.4505e-03	3.1110e-02	4.2827e-03	3.1110e-02
0.3508	1.2309e-03	2.9600e-02	4.0138e-03	2.9600e-02
0.3602	1.0271e-03	2.8151e-02	3.7637e-03	2.8151e-02
0.3696	8.4088e-04	2.6760e-02	3.5092e-03	2.6760e-02
0.3790	6.7306e-04	2.5431e-02	3.2145e-03	2.5431e-02
0.3884	5.2499e-04	2.4162e-02	2.8910e-03	2.4162e-02
0.3978	3.9803e-04	2.2947e-02	2.5280e-03	2.2947e-02
0.4072	2.9216e-04	2.1782e-02	2.1446e-03	2.1782e-02
0.4166	2.0707e-04	2.0664e-02	1.7568e-03	2.0664e-02
0.4260	1.4140e-04	1.9597e-02	1.3903e-03	1.9597e-02
0.4354	9.2963e-05	1.8583e-02	1.0598e-03	1.8583e-02
0.4448	5.8811e-05	1.7616e-02	7.7672e-04	1.7616e-02
0.4542	3.5849e-05	1.6689e-02	5.4539e-04	1.6689e-02
0.4636	2.1076e-05	1.5798e-02	3.6644e-04	1.5798e-02
0.4730	1.1963e-05	1.4946e-02	2.3521e-04	1.4946e-02
0.4824	6.5672e-06	1.4137e-02	1.4441e-04	1.4137e-02
0.4918	3.4982e-06	1.3371e-02	8.4951e-05	1.3371e-02
0.5012	1.7994e-06	1.2645e-02	4.8030e-05	1.2645e-02
0.5106	9.0087e-07	1.1960e-02	2.6161e-05	1.1960e-02
0.5200	4.3859e-07	1.1311e-02	1.3755e-05	1.1311e-02
0.5294	2.0924e-07	1.0696e-02	6.9985e-06	1.0696e-02
0.5388	9.6220e-08	1.0110e-02	3.4521e-06	1.0110e-02
0.5482	4.3465e-08	9.5550e-03	1.6537e-06	9.5550e-03
0.5576	1.9246e-08	9.0269e-03	7.7063e-07	9.0269e-03
0.5670	8.4213e-09	8.5260e-03	3.4988e-07	8.5260e-03
0.5764	3.4206e-09	8.0534e-03	1.5476e-07	8.0534e-03
0.5858	1.4636e-09	7.6061e-03	6.6688e-08	7.6061e-03
0.5952	5.9055e-10	7.1869e-03	2.8012e-08	7.1869e-03
0.6046	2.2890e-10	6.7902e-03	1.1669e-08	6.7902e-03
0.6140	9.2415e-11	6.4147e-03	4.6734e-09	6.4147e-03
0.6234	3.6427e-11	6.0597e-03	1.8841e-09	6.0597e-03
0.6328	1.3177e-11	5.7243e-03	6.9782e-10	5.7243e-03
0.6422	5.1482e-12	5.4072e-03	2.7700e-10	5.4072e-03
0.6516	1.8354e-12	5.1065e-03	1.0025e-10	5.1065e-03
0.6610	6.7467e-13	4.8210e-03	3.7270e-11	4.8210e-03
0.6704	2.4039e-13	4.5493e-03	1.3384e-11	4.5493e-03
0.6798	8.2059e-14	4.2834e-03	4.5877e-12	4.2834e-03
0.6892	2.8635e-14	4.0433e-03	1.6021e-12	4.0433e-03
0.6986	9.9677e-15	3.8069e-03	5.5670e-13	3.8069e-03
0.7080	3.3126e-15	3.5808e-03	1.8385e-13	3.5808e-03
0.7174	1.0666e-15	3.3639e-03	5.8524e-14	3.3639e-03
0.7268	3.4602e-16	3.1552e-03	1.8604e-14	3.1552e-03
0.7362	1.1831e-16	2.9540e-03	6.1485e-15	2.9540e-03
0.7456	4.0622e-17	2.7591e-03	1.9706e-15	2.7591e-03
0.7550	1.4008e-17	2.5700e-03	5.8200e-16	2.5700e-03
0.7644	5.7107e-18	2.3864e-03	1.7934e-16	2.3864e-03
0.7738	2.7304e-18	2.2094e-03	5.0916e-17	2.2094e-03
0.7832	1.4798e-18	2.0371e-03	1.5820e-17	2.0371e-03
0.7926	8.8538e-19	1.8686e-03	5.6554e-18	1.8686e-03
0.8020	5.2313e-19	1.7011e-03	2.1165e-18	1.7011e-03
0.8114	3.0162e-19	1.5308e-03	1.0679e-18	1.5308e-03
0.8208	1.6514e-19	1.3552e-03	5.8064e-19	1.3552e-03
0.8302	8.5829e-20	1.1749e-03	3.2751e-19	1.1749e-03
0.8396	4.2413e-20	9.9404e-04	1.7684e-19	9.9404e-04
0.8490	2.0477e-20	8.1887e-04	9.2623e-20	8.1887e-04
0.8584	9.6412e-21	6.5555e-04	4.5994e-20	6.5555e-04
0.8678	4.3978e-21	5.0834e-04	2.1788e-20	5.0834e-04
0.8772	2.0304e-21	3.7937e-04	9.9870e-21	3.7937e-04
0.8866	9.1213e-22	2.6965e-04	4.4643e-21	2.6965e-04
0.8960	4.1321e-22	1.7993e-04	1.9457e-21	1.7993e-04
0.9054	1.9685e-22	1.1086e-04	8.5518e-22	1.1086e-04
0.9148	9.5624e-23	6.2045e-05	3.7914e-22	6.2045e-05
0.9242	4.8013e-23	3.1066e-05	1.7382e-22	3.1066e-05
0.9336	2.4444e-23	1.3778e-05	8.1741e-23	1.3778e-05
0.9430	1.2544e-23	5.4411e-06	3.9803e-23	5.4411e-06
0.9524	6.2003e-24	1.9788e-06	1.9045e-23	1.9788e-06
0.9618	2.8677e-24	7.3860e-07	8.6646e-24	7.3860e-07
0.9712	1.1261e-24	3.1481e-07	3.3783e-24	3.1481e-07
0.9806	3.3420e-25	1.2805e-07	9.9845e-25	1.2805e-07
0.9900	4.7566e-26	2.6673e-08	1.4208e-25	2.6673e-08
