0.0500	5.9892e-02	5.5088e-02	6.9607e-02	5.5088e-02
0.0594	7.8851e-02	6.6223e-02	8.0603e-02	6.6223e-02
0.0688	1.0015e-01	7.9681e-02	9.3401e-02	7.9681e-02
0.0782	1.1839e-01	9.6513e-02	1.0929e-01	9.6513e-02
0.0876	1.2867e-01	1.1325e-01	1.2277e-01	1.1325e-01
0.0970	1.3067e-01	1.2597e-01	1.2855e-01	1.2597e-01
0.1064	1.2868e-01	1.3226e-01	1.2828e-01	1.3226e-01
0.1158	1.2433e-01	1.3650e-01	1.2425e-01	1.3650e-01
0.1252	1.1918e-01	1.3624e-01	1.1946e-01	1.3624e-01
0.1346	1.1396e-01	1.3378e-01	1.1434e-01	1.3378e-01
0.1440	1.0845e-01	1.2995e-01	1.0909e-01	1.2995e-01
0.1534	1.0319e-01	1.2549e-01	1.0376e-01	1.2549e-01
0.1628	9.7873e-02	1.2065e-01	9.8654e-02	1.2065e-01
0.1722	9.2676e-02	1.1569e-01	9.3777e-02	1.1569e-01
0.1816	8.7676e-02	1.1086e-01	8.8883e-02	1.1086e-01
0.1910	8.4408e-02	1.0610e-01	8.4062e-02	1.0610e-01
0.2004	7.8369e-02	1.0138e-01	7.9405e-02	1.0138e-01
0.2098	7.4116e-02	9.6839e-02	7.5194e-02	9.6839e-02
0.2192	7.0084e-02	9.2408e-02	7.1242e-02	9.2408e-02
0.2286	6.6287e-02	8.8125e-02	6.7362e-02	8.8125e-02
0.2380	6.2688e-02	8.4091e-02	6.3818e-02	8.4091e-02
0.2474	5.9200e-02	8.0236e-02	6.0470e-02	8.0236e-02
0.2568	5.5882e-02	7.6519e-02	5.7291e-02	7.6519e-02
0.2662	5.2670e-02	7.2980e-02	5.4124e-02	7.2980e-02
0.2756	4.9614e-02	6.9617e-02	5.1134e-02	6.9617e-02
0.2850	4.6665e-02	6.6376e-02	4.8269e-02	6.6376e-02
0.2944	4.3833e-02	6.3292e-02	4.5525e-02	6.3292e-02
0.3038	4.1140e-02	6.0297e-02	4.2888e-02	6.0297e-02
0.3132	3.8520e-02	5.7405e-02	4.0354e-02	5.7405e-02
0.3226	3.6164e-02	5.4606e-02	3.7941e-02	5.4606e-02
0.3320	3.3907e-02	5.1905e-02	3.5644e-02	5.1905e-02
0.3414	3.1777e-02	4.9288e-02	3.3435e-02	4.9288e-02
0.3508	2.9781e-02	4.6751e-02	3.1441e-02	4.6751e-02
0.3602	2.7906e-02	4.4327e-02	2.9541e-02	4.4327e-02
0.3696	2.6144e-02	4.1998e-02	2.7756e-02	4.1998e-02
0.3790	2.4479e-02	3.9776e-02	2.6073e-02	3.9776e-02
0.3884	2.2912e-02	3.7664e-02	2.4479e-02	3.7664e-02
0.3978	2.1438e-02	3.5663e-02	2.2976e-02	3.5663e-02
0.4072	2.0017e-02	3.3769e-02	2.1566e-02	3.3769e-02
0.4166	1.8755e-02	3.1974e-02	2.0229e-02	3.1974e-02
0.4260	1.7539e-02	3.0273e-02	1.8953e-02	3.0273e-02
0.4354	1.6411e-02	2.8652e-02	1.7773e-02	2.8652e-02
0.4448	1.5341e-02	2.7107e-02	1.6660e-02	2.7107e-02
0.4542	1.4347e-02	2.5636e-02	1.5623e-02	2.5636e-02
0.4636	1.3411e-02	2.4239e-02	1.4658e-02	2.4239e-02
0.4730	1.2533e-02	2.2914e-02	1.3717e-02	2.2914e-02
0.4824	1.1714e-02	2.1655e-02	1.2860e-02	2.1655e-02
0.4918	1.0946e-02	2.0462e-02	1.2043e-02	2.0462e-02
0.5012	1.0235e-02	1.9335e-02	1.1271e-02	1.9335e-02
0.5106	9.5685e-03	1.8272e-02	1.0550e-02	1.8272e-02
0.5200	8.9472e-03	1.7270e-02	9.8810e-03	1.7270e-02
0.5294	8.3694e-03	1.6320e-02	9.2506e-03	1.6320e-02
0.5388	7.8260e-03	1.5417e-02	8.6619e-03	1.5417e-02
0.5482	7.3191e-03	1.4564e-02	8.1111e-03	1.4564e-02
0.5576	6.8395e-03	1.3753e-02	7.5950e-03	1.3753e-02
0.5670	6.3960e-03	1.2986e-02	7.1094e-03	1.2986e-02
0.5764	5.9758e-03	1.2262e-02	6.6603e-03	1.2262e-02
0.5858	5.5815e-03	1.1578e-02	6.2086e-03	1.1578e-02
0.5952	5.1943e-03	1.0938e-02	5.8342e-03	1.0938e-02
0.6046	4.8418e-03	1.0333e-02	5.4574e-03	1.0333e-02
0.6140	4.5024e-03	9.7625e-03	5.1011e-03	9.7625e-03
0.6234	4.1707e-03	9.2241e-03	4.8134e-03	9.2241e-03
0.6328	3.8542e-03	8.7164e-03	4.4528e-03	8.7164e-03
0.6422	3.5479e-03	8.2372e-03	4.1560e-03	8.2372e-03
0.6516	3.2470e-03	7.7836e-03	3.8829e-03	7.7836e-03
0.6610	2.9540e-03	7.3538e-03	3.6328e-03	7.3538e-03
0.6704	2.6620e-03	6.9459e-03	3.3926e-03	6.9459e-03
0.6798	2.3688e-03	6.5474e-03	3.1683e-03	6.5474e-03
0.6892	2.0760e-03	6.1891e-03	2.9476e-03	6.1891e-03
0.6986	1.7986e-03	5.8369e-03	2.7196e-03	5.8369e-03
0.7080	1.5012e-03	5.5005e-03	2.4762e-03	5.5005e-03
0.7174	1.2301e-03	5.1777e-03	2.2137e-03	5.1777e-03
0.7268	9.7740e-04	4.8668e-03	1.9330e-03	4.8668e-03
0.7362	7.5084e-04	4.5665e-03	1.6414e-03	4.5665e-03
0.7456	5.5607e-04	4.2751e-03	1.3489e-03	4.2751e-03
0.7550	3.9559e-04	3.9915e-03	1.0673e-03	3.9915e-03
0.7644	2.6883e-04	3.7153e-03	8.1021e-04	3.7153e-03
0.7738	1.7317e-04	3.4482e-03	5.8760e-04	3.4482e-03
0.7832	1.0467e-04	3.1869e-03	4.0545e-04	3.1869e-03
0.7926	5.9010e-05	2.9297e-03	2.6391e-04	2.9297e-03
0.8020	3.0874e-05	2.6720e-03	1.6037e-04	2.6720e-03
0.8114	1.4989e-05	2.4079e-03	8.9951e-05	2.4079e-03
0.8208	6.7970e-06	2.1341e-03	4.6054e-05	2.1341e-03
0.8302	2.8660e-06	1.8521e-03	2.1477e-05	1.8521e-03
0.8396	1.1597e-06	1.5685e-03	9.2283e-06	1.5685e-03
0.8490	4.4149e-07	1.2931e-03	3.6506e-06	1.2931e-03
0.8584	1.6394e-07	1.0355e-03	1.3629e-06	1.0355e-03
0.8678	5.6115e-08	8.0207e-04	4.6243e-07	8.0207e-04
0.8772	1.8938e-08	5.9662e-04	1.5186e-07	5.9662e-04
0.8866	5.8352e-09	4.2142e-04	4.4789e-08	4.2142e-04
0.8960	1.7222e-09	2.7860e-04	1.2851e-08	2.7860e-04
0.9054	4.9818e-10	1.6961e-04	3.4060e-09	1.6961e-04
0.9148	1.4018e-10	9.3612e-05	9.0293e-10	9.3612e-05
0.9242	3.5997e-11	4.6213e-05	2.1397e-10	4.6213e-05
0.9336	8.6040e-12	2.0238e-05	4.7602e-11	2.0238e-05
0.9430	1.8689e-12	7.9268e-06	9.3078e-12	7.9268e-06
0.9524	3.7285e-13	2.8937e-06	1.7096e-12	2.8937e-06
0.9618	6.2651e-14	1.0976e-06	2.4424e-13	1.0976e-06
0.9712	1.0444e-14	4.6131e-07	3.7329e-14	4.6131e-07
0.9806	1.1169e-15	1.7742e-07	2.8902e-15	1.7742e-07
0.9900	1.6069e-16	3.6195e-08	4.1603e-16	3.6195e-08
