0.0500	8.6208e-02	9.6547e-02	9.0700e-02	9.6547e-02
0.0594	9.7850e-02	1.0415e-01	1.0015e-01	1.0415e-01
0.0688	1.0969e-01	1.1233e-01	1.1009e-01	1.1233e-01
0.0782	1.1918e-01	1.2151e-01	1.1847e-01	1.2151e-01
0.0876	1.2386e-01	1.2910e-01	1.2324e-01	1.2910e-01
0.0970	1.2351e-01	1.3307e-01	1.2349e-01	1.3307e-01
0.1064	1.2009e-01	1.3331e-01	1.2054e-01	1.3331e-01
0.1158	1.1506e-01	1.3101e-01	1.1564e-01	1.3101e-01
0.1252	1.0942e-01	1.2702e-01	1.1025e-01	1.2702e-01
0.1346	1.0371e-01	1.2218e-01	1.0445e-01	1.2218e-01
0.1440	9.8194e-02	1.1688e-01	9.8930e-02	1.1688e-01
0.1534	9.2701e-02	1.1150e-01	9.3441e-02	1.1150e-01
0.1628	8.7497e-02	1.0610e-01	8.8209e-02	1.0610e-01
0.1722	8.2495e-02	1.0082e-01	8.3196e-02	1.0082e-01
0.1816	7.7717e-02	9.5784e-02	7.8454e-02	9.5784e-02
0.1910	7.3178e-02	9.0921e-02	7.3921e-02	9.0921e-02
0.2004	6.8884e-02	8.6239e-02	6.9583e-02	8.6239e-02
0.2098	6.4865e-02	8.1781e-02	6.5337e-02	8.1781e-02
0.2192	6.1070e-02	7.7522e-02	6.1708e-02	7.7522e-02
0.2286	5.7507e-02	7.3481e-02	5.8113e-02	7.3481e-02
0.2380	5.4171e-02	6.9680e-02	5.4789e-02	6.9680e-02
0.2474	5.1000e-02	6.6073e-02	5.1615e-02	6.6073e-02
0.2568	4.7989e-02	6.2643e-02	4.8622e-02	6.2643e-02
0.2662	4.5308e-02	5.9402e-02	4.5752e-02	5.9402e-02
0.2756	4.2402e-02	5.6325e-02	4.3029e-02	5.6325e-02
0.2850	3.9808e-02	5.3377e-02	4.0440e-02	5.3377e-02
0.2944	3.7425e-02	5.0580e-02	3.7979e-02	5.0580e-02
0.3038	3.5130e-02	4.7897e-02	3.5646e-02	4.7897e-02
0.3132	3.2791e-02	4.5329e-02	3.3433e-02	4.5329e-02
0.3226	3.0683e-02	4.2874e-02	3.1295e-02	4.2874e-02
0.3320	2.8731e-02	4.0530e-02	2.9350e-02	4.0530e-02
0.3414	2.6897e-02	3.8284e-02	2.7493e-02	3.8284e-02
0.3508	2.5160e-02	3.6143e-02	2.5750e-02	3.6143e-02
0.3602	2.3612e-02	3.4110e-02	2.4174e-02	3.4110e-02
0.3696	2.2031e-02	3.2178e-02	2.2579e-02	3.2178e-02
0.3790	2.0609e-02	3.0350e-02	2.1143e-02	3.0350e-02
0.3884	1.9274e-02	2.8623e-02	1.9794e-02	2.8623e-02
0.3978	1.8022e-02	2.6994e-02	1.8540e-02	2.6994e-02
0.4072	1.6847e-02	2.5458e-02	1.7338e-02	2.5458e-02
0.4166	1.5745e-02	2.4008e-02	1.6216e-02	2.4008e-02
0.4260	1.4710e-02	2.2639e-02	1.5173e-02	2.2639e-02
0.4354	1.3742e-02	2.1342e-02	1.4187e-02	2.1342e-02
0.4448	1.2839e-02	2.0114e-02	1.3265e-02	2.0114e-02
0.4542	1.1997e-02	1.8933e-02	1.2401e-02	1.8933e-02
0.4636	1.1203e-02	1.7854e-02	1.1598e-02	1.7854e-02
0.4730	1.0464e-02	1.6817e-02	1.0847e-02	1.6817e-02
0.4824	9.7732e-03	1.5838e-02	1.0133e-02	1.5838e-02
0.4918	9.1243e-03	1.4915e-02	9.4719e-03	1.4915e-02
0.5012	8.5197e-03	1.4045e-02	8.8500e-03	1.4045e-02
0.5106	7.9995e-03	1.3226e-02	8.2999e-03	1.3226e-02
0.5200	7.4205e-03	1.2455e-02	7.7235e-03	1.2455e-02
0.5294	6.8686e-03	1.1725e-02	7.2129e-03	1.1725e-02
0.5388	6.4623e-03	1.1041e-02	6.7361e-03	1.1041e-02
0.5482	6.0294e-03	1.0392e-02	6.2900e-03	1.0392e-02
0.5576	5.6245e-03	9.7783e-03	5.8725e-03	9.7783e-03
0.5670	5.2432e-03	9.2001e-03	5.4793e-03	9.2001e-03
0.5764	4.8869e-03	8.6562e-03	5.1118e-03	8.6562e-03
0.5858	4.5419e-03	8.1436e-03	4.7660e-03	8.1436e-03
0.5952	4.2310e-03	7.6630e-03	4.4410e-03	7.6630e-03
0.6046	3.9341e-03	7.2097e-03	4.1341e-03	7.2097e-03
0.6140	3.6503e-03	6.7821e-03	3.8432e-03	6.7821e-03
0.6234	3.3809e-03	6.3788e-03	3.5685e-03	6.3788e-03
0.6328	3.1246e-03	5.9983e-03	3.3073e-03	5.9983e-03
0.6422	2.8788e-03	5.6389e-03	3.0592e-03	5.6389e-03
0.6516	2.6461e-03	5.2986e-03	2.8226e-03	5.2986e-03
0.6610	2.4210e-03	4.9761e-03	2.5971e-03	4.9761e-03
0.6704	2.2050e-03	4.6699e-03	2.3808e-03	4.6699e-03
0.6798	1.9966e-03	4.3788e-03	2.1731e-03	4.3788e-03
0.6892	1.7942e-03	4.1016e-03	1.9770e-03	4.1016e-03
0.6986	1.5968e-03	3.8374e-03	1.7867e-03	3.8374e-03
0.7080	1.4053e-03	3.5849e-03	1.6018e-03	3.5849e-03
0.7174	1.2173e-03	3.3430e-03	1.4225e-03	3.3430e-03
0.7268	1.0365e-03	3.1097e-03	1.2282e-03	3.1097e-03
0.7362	8.6372e-04	2.8871e-03	1.0757e-03	2.8871e-03
0.7456	7.0185e-04	2.6713e-03	9.0987e-04	2.6713e-03
0.7550	5.5405e-04	2.4628e-03	7.5153e-04	2.4628e-03
0.7644	4.2360e-04	2.2610e-03	6.0382e-04	2.2610e-03
0.7738	3.1262e-04	2.0670e-03	4.6998e-04	2.0670e-03
0.7832	2.2181e-04	1.8785e-03	3.5304e-04	1.8785e-03
0.7926	1.5033e-04	1.6948e-03	2.5501e-04	1.6948e-03
0.8020	9.6505e-05	1.5144e-03	1.7620e-04	1.5144e-03
0.8114	5.8107e-05	1.3353e-03	1.1539e-04	1.3353e-03
0.8208	3.2526e-05	1.1575e-03	7.0875e-05	1.1575e-03
0.8302	1.6844e-05	9.8254e-04	4.0339e-05	9.8254e-04
0.8396	8.0767e-06	8.1422e-04	2.1072e-05	8.1422e-04
0.8490	3.5858e-06	6.5702e-04	1.0081e-05	6.5702e-04
0.8584	1.5063e-06	5.1481e-04	4.4340e-06	5.1481e-04
0.8678	5.9170e-07	3.8997e-04	1.7987e-06	3.8997e-04
0.8772	2.2362e-07	2.8355e-04	6.8342e-07	2.8355e-04
0.8866	7.8365e-08	1.9581e-04	2.3860e-07	1.9581e-04
0.8960	2.6040e-08	1.2670e-04	7.8313e-08	1.2670e-04
0.9054	8.1188e-09	7.5643e-05	2.3701e-08	7.5643e-05
0.9148	2.3919e-09	4.1055e-05	6.7111e-09	4.1055e-05
0.9242	6.5739e-10	1.9991e-05	1.7465e-09	1.9991e-05
0.9336	1.6464e-10	8.6616e-06	4.2107e-10	8.6616e-06
0.9430	3.9547e-11	3.3663e-06	9.4914e-11	3.3663e-06
0.9524	8.7062e-12	1.2237e-06	1.9625e-11	1.2237e-06
0.9618	1.6832e-12	4.6379e-07	3.4183e-12	4.6379e-07
0.9712	2.9580e-13	1.9515e-07	5.5579e-13	1.9515e-07
0.9806	3.4866e-14	7.5192e-08	5.1538e-14	7.5192e-08
0.9900	4.8371e-15	1.5358e-08	7.1517e-15	1.5358e-08
