0.0500	3.0860e-02	-2.8198e-03	7.7375e-02	-2.8198e-03
0.0594	2.8358e-02	6.1979e-03	5.4509e-02	6.1979e-03
0.0688	2.5679e-02	1.7773e-02	4.3119e-02	1.7773e-02
0.0782	2.3077e-02	3.2501e-02	3.6986e-02	3.2501e-02
0.0876	2.0725e-02	4.7694e-02	3.2584e-02	4.7694e-02
0.0970	1.8546e-02	5.9951e-02	2.9125e-02	5.9951e-02
0.1064	1.6572e-02	6.7779e-02	2.6389e-02	6.7779e-02
0.1158	1.4760e-02	7.2203e-02	2.4224e-02	7.2203e-02
0.1252	1.3070e-02	7.3782e-02	2.2260e-02	7.3782e-02
0.1346	1.1500e-02	7.3639e-02	2.0426e-02	7.3639e-02
0.1440	1.0091e-02	7.2347e-02	1.8694e-02	7.2347e-02
0.1534	8.8170e-03	7.0553e-02	1.6945e-02	7.0553e-02
0.1628	7.6969e-03	6.8375e-02	1.5351e-02	6.8375e-02
0.1722	6.6992e-03	6.5987e-02	1.3889e-02	6.5987e-02
0.1816	5.8214e-03	6.3638e-02	1.2536e-02	6.3638e-02
0.1910	5.0547e-03	6.1279e-02	1.1286e-02	6.1279e-02
0.2004	4.3795e-03	5.8898e-02	1.0110e-02	5.8898e-02
0.2098	3.7915e-03	5.6605e-02	9.0513e-03	5.6605e-02
0.2192	3.2809e-03	5.4373e-02	8.0687e-03	5.4373e-02
0.2286	2.8387e-03	5.2213e-02	7.1726e-03	5.2213e-02
0.2380	2.4530e-03	5.0167e-02	6.3672e-03	5.0167e-02
0.2474	2.1178e-03	4.8198e-02	5.6552e-03	4.8198e-02
0.2568	1.8228e-03	4.6283e-02	5.0426e-03	4.6283e-02
0.2662	1.5623e-03	4.4437e-02	4.5352e-03	4.4437e-02
0.2756	1.3290e-03	4.2646e-02	4.1190e-03	4.2646e-02
0.2850	1.1154e-03	4.0884e-02	3.7983e-03	4.0884e-02
0.2944	9.1969e-04	3.9179e-02	3.5402e-03	3.9179e-02
0.3038	7.4097e-04	3.7495e-02	3.2984e-03	3.7495e-02
0.3132	5.8131e-04	3.5846e-02	3.0304e-03	3.5846e-02
0.3226	4.4135e-04	3.4230e-02	2.7283e-03	3.4230e-02
0.3320	3.2312e-04	3.2654e-02	2.3781e-03	3.2654e-02
0.3414	2.2728e-04	3.1110e-02	1.9857e-03	3.1110e-02
0.3508	1.5333e-04	2.9600e-02	1.5815e-03	2.9600e-02
0.3602	9.9011e-05	2.8151e-02	1.2083e-03	2.8151e-02
0.3696	6.0750e-05	2.6760e-02	8.7869e-04	2.6760e-02
0.3790	3.5807e-05	2.5431e-02	6.0892e-04	2.5431e-02
0.3884	2.0345e-05	2.4162e-02	4.0012e-04	2.4162e-02
0.3978	1.1103e-05	2.2947e-02	2.4940e-04	2.2947e-02
0.4072	5.8462e-06	2.1782e-02	1.4852e-04	2.1782e-02
0.4166	2.9759e-06	2.0664e-02	8.4547e-05	2.0664e-02
0.4260	1.4690e-06	1.9597e-02	4.5689e-05	1.9597e-02
0.4354	7.0449e-07	1.8583e-02	2.4249e-05	1.8583e-02
0.4448	3.2864e-07	1.7616e-02	1.2298e-05	1.7616e-02
0.4542	1.4956e-07	1.6689e-02	6.0428e-06	1.6689e-02
0.4636	6.6276e-08	1.5798e-02	2.8828e-06	1.5798e-02
0.4730	2.8804e-08	1.4946e-02	1.3368e-06	1.4946e-02
0.4824	1.2271e-08	1.4137e-02	6.0416e-07	1.4137e-02
0.4918	5.1576e-09	1.3371e-02	2.6655e-07	1.3371e-02
0.5012	2.1246e-09	1.2645e-02	1.1497e-07	1.2645e-02
0.5106	8.7189e-10	1.1960e-02	4.8514e-08	1.1960e-02
0.5200	3.4913e-10	1.1311e-02	2.0101e-08	1.1311e-02
0.5294	1.3295e-10	1.0696e-02	8.2028e-09	1.0696e-02
0.5388	5.2032e-11	1.0110e-02	3.3162e-09	1.0110e-02
0.5482	1.9006e-11	9.5550e-03	1.2564e-09	9.5550e-03
0.5576	7.4459e-12	9.0269e-03	5.0544e-10	9.0269e-03
0.5670	2.5019e-12	8.5260e-03	1.7493e-10	8.5260e-03
0.5764	9.5009e-13	8.0534e-03	6.7638e-11	8.0534e-03
0.5858	3.5077e-13	7.6061e-03	2.5496e-11	7.6061e-03
0.5952	1.2294e-13	7.1869e-03	9.0974e-12	7.1869e-03
0.6046	4.2081e-14	6.7902e-03	3.1555e-12	6.7902e-03
0.6140	1.5108e-14	6.4147e-03	1.1458e-12	6.4147e-03
0.6234	5.3567e-15	6.0597e-03	4.0925e-13	6.0597e-03
0.6328	1.7235e-15	5.7243e-03	1.3222e-13	5.7243e-03
0.6422	6.1943e-16	5.4072e-03	4.7317e-14	5.4072e-03
0.6516	2.0291e-16	5.1065e-03	1.5184e-14	5.1065e-03
0.6610	7.1361e-17	4.8210e-03	5.0523e-15	4.8210e-03
0.6704	2.6444e-17	4.5493e-03	1.6407e-15	4.5493e-03
0.6798	1.0828e-17	4.2834e-03	5.1287e-16	4.2834e-03
0.6892	5.4812e-18	4.0433e-03	1.7033e-16	4.0433e-03
0.6986	3.0665e-18	3.8069e-03	5.5598e-17	3.8069e-03
0.7080	1.8756e-18	3.5808e-03	1.8937e-17	3.5808e-03
0.7174	1.1478e-18	3.3639e-03	7.1595e-18	3.3639e-03
0.7268	7.1318e-19	3.1552e-03	3.2783e-18	3.1552e-03
0.7362	4.0135e-19	2.9540e-03	1.7883e-18	2.9540e-03
0.7456	2.3099e-19	2.7591e-03	1.0381e-18	2.7591e-03
0.7550	1.2556e-19	2.5700e-03	6.0096e-19	2.5700e-03
0.7644	6.6012e-20	2.3864e-03	3.3539e-19	2.3864e-03
0.7738	3.3629e-20	2.2094e-03	1.7877e-19	2.2094e-03
0.7832	1.6854e-20	2.0371e-03	9.1202e-20	2.0371e-03
0.7926	8.3967e-21	1.8686e-03	4.5395e-20	1.8686e-03
0.8020	4.0091e-21	1.7011e-03	2.1458e-20	1.7011e-03
0.8114	1.9446e-21	1.5308e-03	1.0220e-20	1.5308e-03
0.8208	9.1671e-22	1.3552e-03	4.7226e-21	1.3552e-03
0.8302	4.2775e-22	1.1749e-03	2.1553e-21	1.1749e-03
0.8396	1.9750e-22	9.9404e-04	9.6798e-22	9.9404e-04
0.8490	9.1450e-23	8.1887e-04	4.3102e-22	8.1887e-04
0.8584	4.3069e-23	6.5555e-04	1.9245e-22	6.5555e-04
0.8678	2.0229e-23	5.0834e-04	8.4188e-23	5.0834e-04
0.8772	9.9002e-24	3.7937e-04	3.8722e-23	3.7937e-04
0.8866	4.9701e-24	2.6965e-04	1.7909e-23	2.6965e-04
0.8960	2.5629e-24	1.7993e-04	8.7257e-24	1.7993e-04
0.9054	1.3833e-24	1.1086e-04	4.5270e-24	1.1086e-04
0.9148	7.5521e-25	6.2045e-05	2.4100e-24	6.2045e-05
0.9242	4.1580e-25	3.1066e-05	1.3058e-24	3.1066e-05
0.9336	2.2652e-25	1.3778e-05	7.0494e-25	1.3778e-05
0.9430	1.2143e-25	5.4411e-06	3.7612e-25	5.4411e-06
0.9524	6.1783e-26	1.9788e-06	1.9094e-25	1.9788e-06
0.9618	2.9109e-26	7.3860e-07	8.9852e-26	7.3860e-07
0.9712	1.1576e-26	3.1481e-07	3.5697e-26	3.1481e-07
0.9806	3.4691e-27	1.2805e-07	1.0685e-26	1.2805e-07
0.9900	4.9773e-28	2.6673e-08	1.5326e-27	2.6673e-08
