0.0500	4.3454e-02	9.2614e-02	6.4588e-02	9.2614e-02
0.0594	3.6976e-02	1.0091e-01	5.3639e-02	1.0091e-01
0.0688	3.1319e-02	1.0992e-01	4.6434e-02	1.0992e-01
0.0782	2.6581e-02	1.2000e-01	4.0786e-02	1.2000e-01
0.0876	2.2515e-02	1.2847e-01	3.5983e-02	1.2847e-01
0.0970	1.9047e-02	1.3313e-01	3.1706e-02	1.3313e-01
0.1064	1.6090e-02	1.3383e-01	2.8047e-02	1.3383e-01
0.1158	1.3532e-02	1.3183e-01	2.4662e-02	1.3183e-01
0.1252	1.1371e-02	1.2801e-01	2.1663e-02	1.2801e-01
0.1346	9.5477e-03	1.2328e-01	1.9017e-02	1.2328e-01
0.1440	8.0032e-03	1.1804e-01	1.6547e-02	1.1804e-01
0.1534	6.7043e-03	1.1269e-01	1.4380e-02	1.1269e-01
0.1628	5.6138e-03	1.0731e-01	1.2488e-02	1.0731e-01
0.1722	4.6995e-03	1.0203e-01	1.0833e-02	1.0203e-01
0.1816	3.9309e-03	9.6989e-02	9.3916e-03	9.6989e-02
0.1910	3.2844e-03	9.2118e-02	8.1418e-03	9.2118e-02
0.2004	2.7385e-03	8.7424e-02	7.0729e-03	8.7424e-02
0.2098	2.2708e-03	8.2955e-02	6.1524e-03	8.2955e-02
0.2192	1.8782e-03	7.8683e-02	5.3672e-03	7.8683e-02
0.2286	1.5383e-03	7.4629e-02	4.6917e-03	7.4629e-02
0.2380	1.2481e-03	7.0812e-02	4.0997e-03	7.0812e-02
0.2474	9.9969e-04	6.7187e-02	3.5738e-03	6.7187e-02
0.2568	7.8823e-04	6.3738e-02	3.0910e-03	6.3738e-02
0.2662	6.1172e-04	6.0475e-02	2.6515e-03	6.0475e-02
0.2756	4.6476e-04	5.7372e-02	2.2389e-03	5.7372e-02
0.2850	3.4517e-04	5.4396e-02	1.8542e-03	5.4396e-02
0.2944	2.4995e-04	5.1568e-02	1.5037e-03	5.1568e-02
0.3038	1.7645e-04	4.8853e-02	1.1913e-03	4.8853e-02
0.3132	1.2125e-04	4.6251e-02	9.2208e-04	4.6251e-02
0.3226	8.1119e-05	4.3761e-02	6.9337e-04	4.3761e-02
0.3320	5.2823e-05	4.1382e-02	5.0574e-04	4.1382e-02
0.3414	3.3494e-05	3.9102e-02	3.5725e-04	3.9102e-02
0.3508	2.0683e-05	3.6926e-02	2.4267e-04	3.6926e-02
0.3602	1.2444e-05	3.4859e-02	1.6193e-04	3.4859e-02
0.3696	7.2993e-06	3.2895e-02	1.0397e-04	3.2895e-02
0.3790	4.1777e-06	3.1035e-02	6.4814e-05	3.1035e-02
0.3884	2.3349e-06	2.9277e-02	3.9263e-05	2.9277e-02
0.3978	1.2751e-06	2.7618e-02	2.3126e-05	2.7618e-02
0.4072	6.8093e-07	2.6052e-02	1.3260e-05	2.6052e-02
0.4166	3.5581e-07	2.4572e-02	7.4084e-06	2.4572e-02
0.4260	1.8217e-07	2.3175e-02	4.0386e-06	2.3175e-02
0.4354	9.1472e-08	2.1851e-02	2.1489e-06	2.1851e-02
0.4448	4.5036e-08	2.0597e-02	1.1179e-06	2.0597e-02
0.4542	2.1670e-08	1.9390e-02	5.6871e-07	1.9390e-02
0.4636	9.9159e-09	1.8287e-02	2.8330e-07	1.8287e-02
0.4730	4.7636e-09	1.7226e-02	1.3820e-07	1.7226e-02
0.4824	2.1121e-09	1.6224e-02	6.6133e-08	1.6224e-02
0.4918	9.9957e-10	1.5279e-02	3.1182e-08	1.5279e-02
0.5012	4.4672e-10	1.4389e-02	1.4351e-08	1.4389e-02
0.5106	1.9934e-10	1.3552e-02	6.6537e-09	1.3552e-02
0.5200	8.6535e-11	1.2763e-02	2.9768e-09	1.2763e-02
0.5294	3.5640e-11	1.2015e-02	1.2616e-09	1.2015e-02
0.5388	1.3946e-11	1.1314e-02	5.0712e-10	1.1314e-02
0.5482	6.0564e-12	1.0649e-02	2.2562e-10	1.0649e-02
0.5576	2.5846e-12	1.0021e-02	9.8203e-11	1.0021e-02
0.5670	9.4069e-13	9.4285e-03	3.6544e-11	9.4285e-03
0.5764	3.8511e-13	8.8711e-03	1.5143e-11	8.8711e-03
0.5858	1.5633e-13	8.3459e-03	6.2393e-12	8.3459e-03
0.5952	5.9674e-14	7.8533e-03	2.4102e-12	7.8533e-03
0.6046	2.3185e-14	7.3886e-03	9.4306e-13	7.3886e-03
0.6140	8.6519e-15	6.9502e-03	3.5431e-13	6.9502e-03
0.6234	3.3217e-15	6.5366e-03	1.3612e-13	6.5366e-03
0.6328	1.1652e-15	6.1463e-03	4.7392e-14	6.1463e-03
0.6422	4.5872e-16	5.7776e-03	1.8229e-14	5.7776e-03
0.6516	1.6908e-16	5.4286e-03	6.3206e-15	5.4286e-03
0.6610	7.0393e-17	5.0976e-03	2.3410e-15	5.0976e-03
0.6704	3.1060e-17	4.7834e-03	8.0511e-16	4.7834e-03
0.6798	1.5739e-17	4.4846e-03	2.7585e-16	4.4846e-03
0.6892	9.2986e-18	4.2001e-03	1.0190e-16	4.2001e-03
0.6986	5.8361e-18	3.9289e-03	3.9218e-17	3.9289e-03
0.7080	3.8001e-18	3.6697e-03	1.6825e-17	3.6697e-03
0.7174	2.3766e-18	3.4214e-03	8.3118e-18	3.4214e-03
0.7268	1.4892e-18	3.1820e-03	4.8911e-18	3.1820e-03
0.7362	8.6310e-19	2.9536e-03	2.8884e-18	2.9536e-03
0.7456	4.8889e-19	2.7322e-03	1.8378e-18	2.7322e-03
0.7550	2.6371e-19	2.5185e-03	1.1036e-18	2.5185e-03
0.7644	1.3671e-19	2.3116e-03	6.3802e-19	2.3116e-03
0.7738	6.8788e-20	2.1129e-03	3.5649e-19	2.1129e-03
0.7832	3.4245e-20	1.9198e-03	1.9036e-19	1.9198e-03
0.7926	1.6985e-20	1.7318e-03	9.8426e-20	1.7318e-03
0.8020	8.1113e-21	1.5472e-03	4.8151e-20	1.5472e-03
0.8114	3.9858e-21	1.3641e-03	2.3376e-20	1.3641e-03
0.8208	1.9198e-21	1.1823e-03	1.0865e-20	1.1823e-03
0.8302	9.2724e-22	1.0035e-03	4.9626e-21	1.0035e-03
0.8396	4.4461e-22	8.3145e-04	2.2269e-21	8.3145e-04
0.8490	2.1587e-22	6.7084e-04	1.0005e-21	6.7084e-04
0.8584	1.0621e-22	5.2558e-04	4.5312e-22	5.2558e-04
0.8678	5.2381e-23	3.9810e-04	2.0270e-22	3.9810e-04
0.8772	2.6745e-23	2.8945e-04	9.4276e-23	2.8945e-04
0.8866	1.3966e-23	1.9987e-04	4.4813e-23	1.9987e-04
0.8960	7.4723e-24	1.2933e-04	2.2121e-23	1.2933e-04
0.9054	4.1005e-24	7.7210e-05	1.1360e-23	7.7210e-05
0.9148	2.2755e-24	4.1905e-05	6.0096e-24	4.1905e-05
0.9242	1.2656e-24	2.0404e-05	3.2343e-24	2.0404e-05
0.9336	6.9504e-25	8.8401e-06	1.7406e-24	8.8401e-06
0.9430	3.7361e-25	3.4355e-06	9.2527e-25	3.4355e-06
0.9524	1.8989e-25	1.2489e-06	4.6752e-25	1.2489e-06
0.9618	8.8392e-26	4.7338e-07	2.1701e-25	4.7338e-07
0.9712	3.4380e-26	1.9918e-07	8.4310e-26	1.9918e-07
0.9806	9.9743e-27	7.6725e-08	2.4439e-26	7.6725e-08
0.9900	1.4207e-27	1.5670e-08	3.4809e-27	1.5670e-08
