0.0500	5.3149e-02	5.5088e-02	5.3965e-02	5.5088e-02
0.0594	6.5286e-02	6.6223e-02	6.5855e-02	6.6223e-02
0.0688	7.9918e-02	7.9681e-02	8.0257e-02	7.9681e-02
0.0782	9.7554e-02	9.6513e-02	9.7668e-02	9.6513e-02
0.0876	1.1357e-01	1.1325e-01	1.1450e-01	1.1325e-01
0.0970	1.2674e-01	1.2597e-01	1.2666e-01	1.2597e-01
0.1064	1.3338e-01	1.3226e-01	1.3326e-01	1.3226e-01
0.1158	1.3566e-01	1.3650e-01	1.3556e-01	1.3650e-01
0.1252	1.3465e-01	1.3624e-01	1.3459e-01	1.3624e-01
0.1346	1.3155e-01	1.3378e-01	1.3155e-01	1.3378e-01
0.1440	1.2728e-01	1.2995e-01	1.2736e-01	1.2995e-01
0.1534	1.2266e-01	1.2549e-01	1.2270e-01	1.2549e-01
0.1628	1.1779e-01	1.2065e-01	1.1752e-01	1.2065e-01
0.1722	1.1200e-01	1.1569e-01	1.1283e-01	1.1569e-01
0.1816	1.0799e-01	1.1086e-01	1.0805e-01	1.1086e-01
0.1910	1.0315e-01	1.0610e-01	1.0321e-01	1.0610e-01
0.2004	9.8554e-02	1.0138e-01	9.8529e-02	1.0138e-01
0.2098	9.3957e-02	9.6839e-02	9.4030e-02	9.6839e-02
0.2192	8.9628e-02	9.2408e-02	8.9668e-02	9.2408e-02
0.2286	8.5387e-02	8.8125e-02	8.5423e-02	8.8125e-02
0.2380	8.1435e-02	8.4091e-02	8.1432e-02	8.4091e-02
0.2474	7.7651e-02	8.0236e-02	7.7719e-02	8.0236e-02
0.2568	7.3936e-02	7.6519e-02	7.3978e-02	7.6519e-02
0.2662	7.0476e-02	7.2980e-02	7.0508e-02	7.2980e-02
0.2756	6.7202e-02	6.9617e-02	6.7231e-02	6.9617e-02
0.2850	6.4042e-02	6.6376e-02	6.4071e-02	6.6376e-02
0.2944	6.2307e-02	6.3292e-02	6.1000e-02	6.3292e-02
0.3038	5.8030e-02	6.0297e-02	5.8066e-02	6.0297e-02
0.3132	5.5139e-02	5.7405e-02	5.5177e-02	5.7405e-02
0.3226	5.2339e-02	5.4606e-02	5.2369e-02	5.4606e-02
0.3320	4.9698e-02	5.1905e-02	4.9740e-02	5.1905e-02
0.3414	4.7097e-02	4.9288e-02	4.7140e-02	4.9288e-02
0.3508	4.4636e-02	4.6751e-02	4.4680e-02	4.6751e-02
0.3602	4.2037e-02	4.4327e-02	4.2298e-02	4.4327e-02
0.3696	4.0013e-02	4.1998e-02	4.0061e-02	4.1998e-02
0.3790	3.7825e-02	3.9776e-02	3.7873e-02	3.9776e-02
0.3884	3.5777e-02	3.7664e-02	3.5821e-02	3.7664e-02
0.3978	3.3839e-02	3.5663e-02	3.3889e-02	3.5663e-02
0.4072	3.2010e-02	3.3769e-02	3.2050e-02	3.3769e-02
0.4166	3.0275e-02	3.1974e-02	3.0317e-02	3.1974e-02
0.4260	2.8632e-02	3.0273e-02	2.8667e-02	3.0273e-02
0.4354	2.7059e-02	2.8652e-02	2.7101e-02	2.8652e-02
0.4448	2.5757e-02	2.7107e-02	2.5625e-02	2.7107e-02
0.4542	2.4144e-02	2.5636e-02	2.4184e-02	2.5636e-02
0.4636	2.2807e-02	2.4239e-02	2.2845e-02	2.4239e-02
0.4730	2.1525e-02	2.2914e-02	2.1558e-02	2.2914e-02
0.4824	2.0323e-02	2.1655e-02	2.0360e-02	2.1655e-02
0.4918	1.9168e-02	2.0462e-02	1.9216e-02	2.0462e-02
0.5012	1.8116e-02	1.9335e-02	1.8151e-02	1.9335e-02
0.5106	1.7095e-02	1.8272e-02	1.7128e-02	1.8272e-02
0.5200	1.6135e-02	1.7270e-02	1.6168e-02	1.7270e-02
0.5294	1.5229e-02	1.6320e-02	1.5261e-02	1.6320e-02
0.5388	1.4369e-02	1.5417e-02	1.4399e-02	1.5417e-02
0.5482	1.3553e-02	1.4564e-02	1.3583e-02	1.4564e-02
0.5576	1.2784e-02	1.3753e-02	1.2814e-02	1.3753e-02
0.5670	1.2058e-02	1.2986e-02	1.2086e-02	1.2986e-02
0.5764	1.1375e-02	1.2262e-02	1.1402e-02	1.2262e-02
0.5858	1.0732e-02	1.1578e-02	1.0758e-02	1.1578e-02
0.5952	1.0130e-02	1.0938e-02	1.0154e-02	1.0938e-02
0.6046	9.5593e-03	1.0333e-02	9.5829e-03	1.0333e-02
0.6140	9.0224e-03	9.7625e-03	9.0427e-03	9.7625e-03
0.6234	8.5161e-03	9.2241e-03	8.5378e-03	9.2241e-03
0.6328	8.0391e-03	8.7164e-03	8.0597e-03	8.7164e-03
0.6422	7.5877e-03	8.2372e-03	7.6073e-03	8.2372e-03
0.6516	7.1605e-03	7.7836e-03	7.1790e-03	7.7836e-03
0.6610	6.7520e-03	7.3538e-03	6.7730e-03	7.3538e-03
0.6704	6.3688e-03	6.9459e-03	6.3860e-03	6.9459e-03
0.6798	6.0022e-03	6.5474e-03	6.0187e-03	6.5474e-03
0.6892	5.6491e-03	6.1891e-03	5.6651e-03	6.1891e-03
0.6986	5.3179e-03	5.8369e-03	5.3332e-03	5.8369e-03
0.7080	4.9985e-03	5.5005e-03	5.0135e-03	5.5005e-03
0.7174	4.6861e-03	5.1777e-03	4.7008e-03	5.1777e-03
0.7268	4.3859e-03	4.8668e-03	4.4005e-03	4.8668e-03
0.7362	4.0956e-03	4.5665e-03	4.1101e-03	4.5665e-03
0.7456	3.8133e-03	4.2751e-03	3.8277e-03	4.2751e-03
0.7550	3.5397e-03	3.9915e-03	3.5532e-03	3.9915e-03
0.7644	3.2710e-03	3.7153e-03	3.2856e-03	3.7153e-03
0.7738	2.9897e-03	3.4482e-03	3.0240e-03	3.4482e-03
0.7832	2.7456e-03	3.1869e-03	2.7616e-03	3.1869e-03
0.7926	2.4790e-03	2.9297e-03	2.4984e-03	2.9297e-03
0.8020	2.2054e-03	2.6720e-03	2.2277e-03	2.6720e-03
0.8114	1.9253e-03	2.4079e-03	1.9501e-03	2.4079e-03
0.8208	1.6431e-03	2.1341e-03	1.6701e-03	2.1341e-03
0.8302	1.3656e-03	1.8521e-03	1.3935e-03	1.8521e-03
0.8396	1.1047e-03	1.5685e-03	1.1323e-03	1.5685e-03
0.8490	8.6433e-04	1.2931e-03	8.9053e-04	1.2931e-03
0.8584	6.5153e-04	1.0355e-03	6.7545e-04	1.0355e-03
0.8678	4.6925e-04	8.0207e-04	4.9012e-04	8.0207e-04
0.8772	3.2021e-04	5.9662e-04	3.3746e-04	5.9662e-04
0.8866	2.0426e-04	4.2142e-04	2.1761e-04	4.2142e-04
0.8960	1.1995e-04	2.7860e-04	1.2954e-04	2.7860e-04
0.9054	6.3924e-05	1.6961e-04	7.0140e-05	1.6961e-04
0.9148	3.0653e-05	9.3612e-05	3.4175e-05	9.3612e-05
0.9242	1.3191e-05	4.6213e-05	1.4888e-05	4.6213e-05
0.9336	5.0037e-06	2.0238e-05	5.7029e-06	2.0238e-05
0.9430	1.7362e-06	7.9268e-06	1.9850e-06	7.9268e-06
0.9524	5.1312e-07	2.8937e-06	5.8382e-07	2.8937e-06
0.9618	1.3924e-07	1.0976e-06	1.5636e-07	1.0976e-06
0.9712	3.0056e-08	4.6131e-07	3.2718e-08	4.6131e-07
0.9806	5.3935e-09	1.7742e-07	5.6366e-09	1.7742e-07
0.9900	7.1703e-10	3.6195e-08	7.4935e-10	3.6195e-08
